0.652668
0.166634
0.210039
0.105421
0.187920
0.958512
0.061505
0.420193
0.272569
0.428986
0.032004
1.785572
0.051914
0.167951
0.974576
0.960295
0.008230
0.117707
0.215670
1.862495
0.223911
0.743434
0.026139
0.203334
1.208026
0.058081
0.453261
0.288291
0.715733
0.045207
0.491777
0.153944
0.037573
0.330201
0.867634
2.915657
0.150762
0.112008
0.098412
0.285143
1.425058
1.346793
0.391343
0.694379
0.943872
0.414371
0.525819
0.165586
0.241263
0.025916
0.278362
0.402442
0.110147
0.013999
1.061849
0.920027
0.176077
1.392885
0.410037
0.441072
0.717796
1.051679
0.559031
1.453262
0.290619
0.372039
0.154609
0.064895
0.033624
0.259288
0.335208
1.087182
0.416334
0.093908
0.101604
0.073871
0.209626
0.656106
1.433865
0.009508
0.568336
0.011641
0.088554
0.234482
0.273927
0.255915
0.026116
0.268705
0.553455
0.379847
0.297918
0.200085
0.955104
0.424185
0.773345
0.735236
0.195306
0.038643
0.619115
0.816030
0.815764
0.987397
0.178070
1.077466
1.535818
0.744314
0.245718
1.167197
0.252774
0.479742
1.259818
0.017350
0.516099
0.057517
0.271747
0.258287
0.153765
0.088685
1.123862
1.345711
0.219410
0.990228
0.054145
0.259318
0.556169
1.321524
0.982666
0.280085
0.821382
0.137553
0.878603
1.368144
1.244154
0.155002
0.179464
1.829953
0.016326
0.039084
0.223062
0.078236
0.717970
0.219781
1.042312
0.976674
0.251139
1.058233
0.040221
0.632044
0.218560
0.060478
0.684508
1.301015
0.151799
0.074186
0.576832
1.405446
0.097276
0.347290
0.340555
0.238983
0.946399
1.493590
0.214438
0.740912
0.159318
0.564478
0.017514
0.184386
0.367579
0.614890
0.452615
0.245199
0.894117
0.046872
0.263194
0.861313
1.258403
0.312251
0.281825
0.943402
0.262616
0.098234
1.037573
1.020479
0.807571
0.259699
0.839984
2.367331
0.744312
0.298035
0.573924
1.096467
0.095362
0.906185
0.312740
0.077712
0.259581
0.218430
1.208780
3.446974
0.129583
1.061007
0.179425
0.403872
0.425786
0.338310
0.041827
0.980542
1.086099
0.548130
0.023510
2.744076
0.337149
0.158970
0.210079
0.154532
2.286748
0.934620
0.401172
0.004345
0.085289
0.377470
1.257402
0.890907
0.972925
0.335778
1.104243
0.405697
0.162199
0.338395
0.111229
1.075092
0.221285
0.427487
0.156440
1.101037
0.574884
1.789642
1.009919
0.074373
0.187589
0.412477
0.101833
0.100463
0.086576
0.554989
0.025222
1.398108
0.069251
0.033336
0.141339
0.511717
0.317106
0.333388
1.466893
1.299598
0.187869
0.410126
0.137068
0.064432
0.008814
1.301209
0.418826
0.114760
1.275517
0.736455
0.971269
0.180181
0.107727
0.075137
0.782594
0.903134
0.197472
0.092305
0.438831
0.697268
1.029615
0.847862
0.391189
1.213735
0.017190
0.045273
0.492101
0.306023
1.128683
2.575703
0.088681
0.079831
0.062110
0.195653
0.168089
0.047628
0.549364
0.643076
0.194339
0.890258
0.460815
1.003359
0.020742
0.144179
0.537560
0.442207
0.500531
1.205847
0.427624
0.346520
0.141399
0.262241
1.872727
0.563153
0.485237
0.214348
0.243953
0.167061
0.119039
0.700604
0.237363
0.455745
0.445151
0.948230
0.103252
0.573921
1.321480
0.483311
0.481707
0.076819
0.428015
0.065952
0.540249
0.279444
0.969262
0.242165
0.107564
0.107169
0.260570
0.284600
0.011795
0.248731
0.889818
0.328980
1.493515
0.715393
0.086629
0.414479
0.374590
0.197341
0.884086
0.990086
0.695754
0.188378
0.078221
0.870033
0.051079
0.756222
0.169079
0.407735
0.046569
0.037800
0.172978
1.020502
1.782280
0.043818
0.406830
0.852628
0.470746
0.752233
0.368800
0.533005
0.143629
0.023987
0.939324
0.128487
0.735624
0.635845
0.157092
0.390034
0.113568
0.301677
0.635780
1.203332
0.027212
0.710907
0.411529
0.633056
0.025826
0.000411
0.084979
0.473504
0.188905
0.157196
0.068361
1.032292
0.253822
0.116256
0.202119
0.214751
0.441451
0.081210
0.176289
0.833734
0.422241
0.676112
0.176050
0.128030
1.543488
0.028794
0.788326
0.160740
0.017923
0.552870
0.768511
0.742955
0.975771
0.068355
0.836367
0.369341
0.508876
0.197019
0.357938
1.054635
0.887275
0.182719
0.639059
0.098463
0.757361
0.865704
0.383253
0.256420
0.019983
0.121964
1.346733
0.358897
0.334150
0.095202
0.130046
0.533769
0.566747
0.292419
0.188390
0.566628
0.172970
0.393027
0.580361
0.588821
1.277195
0.068382
0.754941
0.048469
0.172932
0.289415
0.326092
0.176328
0.367302
0.705664
0.705552
0.531826
0.633217
0.361632
0.293033
1.332901
1.264042
0.164405
0.941834
0.045317
0.141195
0.871255
0.014933
0.149097
0.124490
0.188044
0.550465
0.901623
0.197298
0.894517
0.351887
1.655864
0.498576
0.032231
0.230246
0.370972
0.444227
2.453037
0.048217
0.029005
0.302279
0.109679
0.518925
0.149196
0.096299
0.717497
0.443375
0.744292
1.031251
0.000173
0.364056
0.090043
0.061641
0.043581
0.520538
0.125490
3.244905
0.468734
0.201013
0.256757
0.300966
0.692258
0.364906
0.438599
0.155402
0.004827
0.631200
0.281023
0.365526
0.787408
0.124260
0.010337
0.874156
0.976342
0.005183
0.343864
0.008076
0.082101
0.040357
0.012173
0.294113
1.766191
2.514884
0.132423
0.245264
0.983360
0.428343
1.557464
0.921789
0.658254
0.448825
1.078689
0.719870
0.433487
0.130431
0.242953
0.230135
0.332662
0.028107
0.630063
0.332569
0.632730
0.119193
0.366011
0.385153
1.743086
0.337187
0.965605
0.064875
1.033884
1.215740
0.247178
0.488810
0.049046
0.269099
0.123427
0.122988
1.156258
0.280702
0.155619
2.139460
1.062527
0.502309
0.213468
0.183262
1.323502
0.312251
0.127137
0.614303
0.120970
0.215028
0.185937
0.194945
0.681014
0.273417
1.021142
0.613140
0.895930
1.740699
0.306165
0.590489
0.199594
0.197155
0.312588
0.478032
0.087513
0.353895
0.225845
0.587207
0.014658
0.208560
0.021997
1.084690
0.451952
0.758810
0.342850
0.203537
0.649789
0.524408
0.692333
1.694120
0.849774
0.069145
0.166691
1.172046
0.329744
0.051271
1.540783
0.541656
0.017674
0.860707
0.884116
0.475416
0.253397
0.124404
0.172084
0.739704
0.571588
0.466606
0.154234
0.802149
0.424708
0.188178
0.279352
1.507939
1.072226
0.366680
1.065424
0.047993
0.667432
1.077644
0.561451
1.838799
0.267051
0.838328
0.779377
0.265429
0.143224
0.019904
1.949160
0.513872
1.930209
0.275779
0.064050
1.573568
1.567403
0.277434
0.144820
0.077393
0.126987
0.645511
0.035642
0.264722
0.245478
1.261083
0.546507
0.400484
0.354961
0.035345
0.338704
0.912167
0.659355
0.118605
0.341742
1.300465
0.332007
0.578876
0.059306
0.079388
0.917453
0.240377
1.451683
0.018379
0.346459
0.667728
0.048933
0.098688
0.023419
0.617416
0.106163
1.066379
0.041905
0.509403
0.024641
0.205471
0.591892
0.021850
0.673273
0.303719
0.272407
0.214329
0.508510
0.200383
1.455232
0.050170
0.045714
0.490851
0.349884
0.707176
0.633028
0.831602
0.507702
0.252437
0.645532
0.512429
0.526817
0.142904
0.794852
1.132540
0.077461
0.545527
1.034276
0.924480
0.007394
0.238511
0.811577
0.237293
1.642086
0.388262
1.671954
0.103894
0.862995
0.442884
0.547786
1.120014
0.028264
0.359545
0.745957
0.279804
0.066701
0.671241
0.615494
0.428897
0.149444
0.178405
0.077242
2.533350
0.146722
0.303374
0.264646
0.225075
0.485063
0.197131
0.385386
0.007826
0.123153
0.397459
0.164884
0.146775
0.156696
0.335346
0.609209
0.656284
0.176754
1.622804
0.423787
0.852102
0.227313
1.432030
0.990360
0.591156
0.064945
0.878945
1.897459
0.430991
0.415555
0.199100
0.502317
0.239281
0.863669
0.427645
0.307099
0.142239
0.314367
0.662245
1.362699
0.346937
0.865868
0.013939
0.017462
0.065077
1.238008
0.215044
0.273111
0.445354
0.814072
1.212169
0.834026
0.278181
0.096218
0.127703
0.770969
0.248476
0.926758
2.229955
0.092683
0.534406
0.365950
0.614355
0.384687
0.039112
1.479487
0.669717
0.323562
0.088595
1.829070
0.039538
0.299498
1.964624
0.142160
1.339121
0.804248
0.483125
0.514201
0.055901
1.122370
1.548720
0.250767
0.066883
0.698669
0.279791
0.107609
0.014896
0.515482
0.025283
0.184043
0.764129
0.649507
0.615745
0.504198
0.136607
0.210306
1.154894
0.171898
0.166013
0.228525
0.680061
3.392537
1.033060
0.304100
0.473875
0.256829
0.036496
0.009338
0.733654
1.085976
0.130971
0.103064
0.840395
1.510444
0.289635
0.140829
0.660129
0.085292
0.369941
1.006772
0.167297
0.259489
0.805001
1.615748
0.162561
0.400648
0.782443
0.545722
0.135950
0.195439
0.084396
0.080818
0.595130
0.067072
0.419411
0.381639
0.070598
0.340812
0.680960
0.101616
0.017301
1.392044
0.406349
1.324922
1.128859
0.878764
1.398245
0.435997
0.415159
1.080644
0.958848
0.129924
0.399917
0.080165
0.008914
0.323226
0.303886
0.307098
0.318329
0.310199
0.000892
0.313499
0.914754
1.396244
0.080561
0.090133
0.406009
0.097631
0.167986
0.052143
0.380333
0.520634
0.379974
0.037903
1.593595
0.013490
0.284082
0.212332
0.350485
0.433610
0.714647
0.226345
0.275094
0.229759
0.420731
1.524645
1.709387
0.162927
0.265057
0.502060
0.112311
1.141282
0.175231
0.667747
0.156026
0.393512
0.045111
0.573429
1.389506
0.036260
0.160571
0.308589
0.394940
0.987823
0.472274
0.425463
0.002146
0.155912
0.705379
0.046559
0.281364
0.859565
0.155760
0.660532
1.800235
0.065808
0.086407
0.249204
0.690286
0.479994
0.492986
0.151747
0.956339
0.191103
1.287060
0.720867
0.238048
0.375370
0.663666
1.834024
0.256454
0.397287
0.130593
0.271466
0.238866
0.747570
0.251499
1.067868
0.506518
0.407033
2.914475
0.359999
0.879151
0.688076
0.071947
0.672964
0.173520
0.095275
0.755798
0.326395
1.151650
0.494537
0.330985
0.260852
0.789080
0.126031
0.445140
0.189692
0.060458
0.437081
0.841234
0.520119
0.385196
1.669616
0.001980
0.172279
0.108210
0.118498
0.655442
0.868721
0.168136
0.371720
0.234665
0.225102
1.285881
0.247555
1.800792
0.531718
0.345909
0.118887
0.035283
0.384542
0.012331
0.011488
1.688490
0.526273
0.135450
0.254275
0.092910
0.044158
1.460990
1.400328
0.132023
0.517012
0.222610
0.302884
0.420394
0.094560
0.133397
0.204611
0.068486
1.470994
0.043279
1.194934
0.762678
0.265280
1.158591
1.044981
0.606163
0.030038
0.320198
0.771597
0.536288
0.002033
0.570856
0.837250
0.769945
0.213259
2.371097
0.099487
0.081151
0.771294
0.399339
0.444609
0.934829
0.026419
0.129772
0.716557
0.131643
1.021691
1.364659
0.157766
0.409345
0.257402
0.149043
0.342630
1.158210
0.276489
0.452086
0.370415
0.010143
0.610782
0.108138
0.728928
0.790086
0.047442
0.176336
0.948468
2.276502
0.411496
0.223751
0.175071
0.115808
0.026147
0.783123
0.228391
0.682229
0.513842
0.816226
0.659958
1.247239
0.598542
0.736075
0.794474
0.384677
0.019767
0.278049
0.489378
0.111778
0.654304
0.920307
0.018667
0.137887
0.334898
0.019363
1.172372
0.401974
0.263262
0.024116
0.222525
0.076949
0.572673
0.184950
0.485051
1.149317
1.052922
0.524332
0.358181
0.062240
0.489378
0.743585
0.664769
0.563247
0.066420
0.109470
0.516166
0.077686
0.401285
0.668016
0.884966
0.568815
0.327150
0.115200
0.580077
0.182715
2.429893
0.172183
0.104183
1.725458
0.631022
0.031864
0.061495
0.023071
0.570306
0.029586
1.464508
2.362583
0.127275
0.069863
0.142653
0.731374
0.422487
1.209818
0.150632
1.747125
0.719983
0.660046
0.206479
0.025466
0.695747
0.460661
0.065572
1.039115
0.729518
1.788337
0.239948
0.509084
0.168499
0.970091
0.172095
0.589293
0.798295
0.018551
0.858701
0.009755
0.521639
0.143025
0.185226
0.114294
0.068182
0.988353
0.267089
1.621254
0.204939
0.562360
0.984120
0.363980
1.363728
0.188172
0.547747
0.637813
0.023051
0.060198
0.041063
1.007239
0.544737
0.183645
0.214842
0.103026
0.375840
0.334828
0.525998
0.118352
0.187092
0.535931
0.856149
0.290463
0.461056
2.193853
0.417016
0.007017
0.267196
0.699487
0.609472
0.204650
0.465328
0.216324
0.069359
0.489774
1.023079
0.164608
0.390482
0.449628
1.808369
0.290926
0.167477
0.248661
0.340321
1.621888
0.054879
0.791896
1.173301
0.353344
1.438664
2.507915
0.077417
0.156715
0.228179
0.030573
1.920572
0.986009
0.968036
0.452937
0.680581
0.086928
0.484191
0.450836
1.007451
0.549022
0.848461
0.294196
0.760258
0.114023
0.684521
0.175740
0.025347
0.238634
0.767223
0.220511
0.020970
0.859171
1.074993
1.303460
0.252521
0.080083
0.050444
0.553236
0.570008
0.859624
0.020298
0.472558
0.162562
0.322394
0.727811
2.674457
1.327441
0.189623
0.060522
0.246182
0.415557
0.396983
0.903112
0.581150
0.487974
1.434775
1.121719
0.725485
0.025660
0.116554
0.070543
0.066840
0.516884
0.061507
0.136357
0.898176
0.402248
0.862987
0.561265
0.356139
0.104786
0.159849
0.223172
0.083247
0.211214
0.174883
0.016536
0.160071
0.695538
0.714203
0.079653
0.543780
0.587021
0.518986
0.909447
0.035934
0.189286
1.852651
1.008546
0.019791
1.156504
0.385514
0.712077
0.214716
0.619061
0.439734
0.362278
0.265110
0.225035
0.774185
0.339721
0.153080
0.731192
0.342458
0.178378
1.669278
0.002332
0.768613
0.692514
1.053322
0.171077
0.459138
0.220439
0.365826
0.196610
0.477813
0.911462
0.707396
0.082389
0.860877
0.900706
0.245449
0.690719
0.246973
0.004323
0.203875
0.708802
0.262268
0.050273
0.164038
0.326107
1.552991
0.066325
0.160644
0.380012
0.798596
0.744495
0.427794
0.873800
0.317564
0.424215
0.508767
0.288823
0.036060
0.037409
1.225874
0.781250
0.333335
0.760705
0.103279
0.407731
0.076180
0.406407
0.690071
0.320431
0.066673
0.551842
0.144190
0.027535
0.189722
0.957497
1.373261
0.022510
0.038023
0.124342
0.077705
1.311207
0.190690
0.439197
0.180197
0.234201
0.404191
0.513536
0.914996
0.026805
0.065322
0.245305
0.062039
0.574537
0.797709
0.045295
0.260976
0.252477
0.612327
0.958053
0.145911
0.015919
0.420790
0.731512
1.226896
0.474039
0.248566
0.061675
0.972504
0.225107
0.092068
0.377707
0.845603
0.108571
0.229507
0.232750
0.196973
0.045701
0.012502
0.442364
0.251719
0.403726
0.462788
0.514803
0.321189
0.225981
1.086293
0.772703
0.086765
1.394652
0.010868
0.880027
0.115211
0.231621
0.709256
0.100412
0.111925
0.210107
0.126659
0.378189
0.293626
0.228885
0.135439
1.373189
1.479513
0.521063
0.070264
0.162075
0.127899
2.022904
0.435490
0.182301
0.690317
0.431545
0.140898
0.752253
0.207071
0.164401
0.535782
0.813894
0.249556
0.616631
1.038189
0.042681
0.183426
0.950964
0.744392
0.560276
0.491908
0.383609
0.329855
0.502469
0.373744
0.038020
0.783118
0.574970
0.258206
1.266054
0.705493
0.206619
0.055617
1.213478
2.666815
0.730869
0.307401
0.085333
0.224773
0.278272
0.468214
0.471447
0.530431
2.238698
0.661161
0.395181
1.083174
0.208616
0.435745
0.002789
1.155898
0.516973
0.018159
0.025243
0.049023
0.362957
0.313969
0.541409
0.120178
0.524774
0.156917
0.432230
0.007186
0.244212
0.093833
0.249036
1.936940
0.355443
0.925660
0.011419
0.088310
0.059869
0.188068
1.840609
0.722389
0.036884
0.830277
0.214783
0.028873
0.032153
0.704185
0.318977
0.113765
0.090637
0.488199
0.544540
0.316829
0.810964
0.057416
0.880406
0.186965
1.945152
0.121091
0.234340
0.836638
0.041742
0.964812
0.136177
1.268466
0.359403
0.375959
0.067674
0.679377
0.517135
0.538142
0.207265
0.263612
0.007088
0.835451
0.361851
0.033353
0.001001
0.316650
0.112601
0.220831
0.201595
0.357766
0.027863
0.160012
0.263450
0.937968
0.241058
0.643113
0.300338
0.038697
0.086151
0.325645
0.525995
1.098512
0.992657
0.393210
0.259631
0.012907
0.268539
1.376164
0.053225
0.499679
0.155200
0.080620
0.589345
0.093594
0.400278
0.308984
0.777541
0.191626
1.236772
0.948391
0.215573
0.290834
0.174771
0.662497
0.223006
0.359052
0.120790
0.465314
0.162961
0.007956
0.221720
0.188510
0.075448
0.844394
0.451216
0.054929
0.362311
0.393908
0.193645
0.130092
0.464629
0.962365
0.024878
0.749718
0.631129
0.191685
0.860042
0.244026
0.583970
0.755103
0.551930
1.650282
0.228129
0.406295
0.301189
0.170457
0.481802
0.817078
0.453529
1.042951
0.864024
0.233017
0.617969
0.080353
0.098803
0.396446
0.089477
1.050382
0.520979
0.010360
0.019279
0.933598
0.260382
0.402240
0.486309
0.180395
0.057180
0.920834
0.350233
0.136954
0.797262
0.179476
0.518216
0.830859
0.277258
0.066445
0.171494
0.008844
0.972392
0.740181
0.044206
0.180709
0.297288
0.904994
0.737413
0.616801
0.592174
0.630158
0.006536
0.332262
1.027343
0.434919
0.324824
0.512959
0.385931
0.121779
0.110294
0.158348
0.388690
0.348264
0.512288
0.226117
1.745128
0.315654
0.914772
0.024326
0.785572
0.109476
0.216942
1.330891
1.381403
0.262856
1.283132
0.099076
0.332942
0.514842
0.249905
0.026489
1.122556
0.464406
0.001786
0.370958
0.452033
0.991643
0.102949
0.201315
0.178495
0.109887
0.395950
0.349136
0.785161
0.505975
1.566953
0.220270
0.619515
0.061940
0.285643
0.252562
0.136202
0.479338
0.091988
0.357289
0.807987
0.331081
1.139858
0.743319
0.850596
0.118361
0.705497
0.297781
0.821185
0.161782
0.098961
0.079520
0.099608
0.163501
0.094505
0.106286
0.047461
0.123488
0.156797
1.293085
0.528202
0.817796
0.012924
1.923923
0.553945
0.083609
0.149609
0.643375
0.571463
0.129074
0.247377
0.307292
0.827336
0.062841
0.527842
0.158094
0.460509
1.029048
0.814485
0.698639
0.357539
0.017985
0.058570
0.023567
0.526236
0.265534
0.022977
0.738614
0.727327
0.906566
0.000282
0.819217
0.081850
0.813433
0.918614
0.245564
0.563067
0.481500
0.506901
0.242343
1.392691
0.333753
0.798857
1.023216
0.272908
0.291737
0.053882
0.330404
0.037244
1.113133
0.053522
0.393609
0.321900
0.228418
0.557591
0.382456
1.870233
0.681089
0.706086
0.081019
0.522037
0.795619
0.420013
0.145263
0.464166
0.369045
0.701661
1.326985
0.072291
0.537725
1.803744
0.877301
0.262835
0.074504
0.188725
0.337204
0.418246
0.352199
0.066503
0.087343
0.157317
0.097418
0.023001
1.589225
0.105352
0.172708
0.461078
0.008820
0.402741
0.125956
0.062499
0.898916
1.376845
0.220818
0.070347
1.265607
0.401251
0.777774
0.721874
2.237959
0.181633
0.747570
1.843058
0.004982
0.134137
0.267969
0.105131
0.646050
0.404880
1.357162
0.837793
0.139040
0.130389
0.800720
1.054476
1.053415
0.975695
0.531628
2.644111
0.578578
1.018445
0.247000
0.766819
0.122031
0.197902
1.236979
0.203212
0.750948
0.544290
0.182298
0.290243
0.758907
0.128400
1.052038
0.380553
0.220860
0.310497
0.332960
0.036326
0.392996
0.085656
0.045337
0.631925
0.136334
0.124715
1.318239
0.783512
0.115207
1.152013
0.459595
0.878920
0.222833
0.265170
0.995895
0.239597
2.036428
0.237982
0.354070
0.172633
0.331516
0.044739
0.067448
0.444786
1.098004
0.177083
0.038777
0.133146
0.034344
0.090834
1.246275
0.006808
1.090531
0.037842
0.325868
0.595256
0.525663
0.120522
0.131053
0.112002
0.065119
0.496430
1.056458
0.267047
0.372605
1.513505
0.782851
0.510624
0.648995
0.486337
0.559766
1.009195
0.198064
0.143937
0.157638
0.339327
2.423047
1.203535
1.807543
0.282976
1.010834
1.489452
0.070220
0.499963
0.280098
0.321036
0.002475
0.331544
0.733737
0.391987
0.383956
0.004377
0.224571
0.007004
0.398487
0.207533
1.013199
1.113319
1.343112
0.134044
0.771127
2.716977
1.207543
0.064566
0.003893
0.002313
1.722968
1.853304
0.396479
0.327406
0.026368
0.396026
0.384013
1.701860
0.251406
2.331043
0.131265
0.705623
0.183111
0.345529
0.482840
0.166471
0.322945
1.774782
0.401095
0.114335
0.487197
0.276130
1.096948
0.622512
0.992543
0.327485
0.140129
0.220015
0.835208
1.563032
0.129183
1.168624
0.018392
0.997170
1.384215
0.648956
0.548565
0.641334
0.063464
0.648151
0.193159
0.172066
0.351438
1.010212
0.204977
0.022356
0.258299
0.615380
0.115389
0.226196
0.005631
0.007822
1.543834
0.602570
1.311664
0.203739
0.169932
0.016093
0.139805
1.097216
0.315356
1.536382
0.371578
0.171122
0.506483
0.668421
0.034067
0.075244
0.983650
0.128031
0.357412
0.132842
1.061370
0.359814
1.103748
0.393523
0.673379
0.213954
0.092840
0.197392
0.335152
0.374298
0.485525
1.399735
0.844764
0.910370
0.392586
0.170394
0.611975
1.520796
0.037396
0.024187
0.017551
1.066971
0.211280
0.897559
0.182294
0.932932
0.210034
0.862529
0.245172
1.394837
0.049148
0.052165
0.443435
0.074675
0.069698
0.173208
1.532559
0.444156
0.010180
1.341884
0.351919
0.027190
0.298608
3.097104
0.374898
0.063688
0.686198
0.560255
0.283378
0.288460
0.429320
0.321900
1.000856
0.567858
0.190625
0.052571
0.357544
0.211586
0.586201
0.175418
0.067803
0.828299
0.473292
0.322961
0.338836
0.808926
0.422735
0.682264
0.245575
0.013686
0.944051
1.587896
0.740677
0.033538
0.007770
1.437010
0.174442
0.386387
0.667701
0.541186
0.480535
0.107028
0.875978
0.342450
0.966157
0.357344
1.011122
0.119798
1.295959
0.392946
1.261215
0.186447
0.962057
0.434582
0.001895
0.364877
0.207674
0.516186
1.538376
1.131449
1.567209
0.620746
0.648003
1.003750
0.570620
0.795742
0.280564
0.856868
0.897734
0.884455
0.626025
0.303420
1.115860
2.384568
0.183946
0.214517
0.256497
0.124771
0.021042
0.151948
0.064335
0.214848
0.099209
0.042468
0.069801
0.601818
0.460947
0.635924
0.027302
0.031613
0.299302
0.434168
0.317151
3.144479
1.007287
0.346590
0.456503
0.269625
0.380319
0.508517
0.366497
0.791303
0.429468
0.310428
1.366490
1.225211
0.085677
0.016843
0.521363
0.588059
0.315938
0.203361
0.037065
0.086942
1.139831
0.683190
0.037302
0.220280
0.130588
0.322154
0.353615
0.037906
0.709446
0.008249
0.174531
0.456364
0.152999
0.250925
0.494090
0.712500
0.349184
0.596516
0.028393
0.596346
0.319001
0.477552
0.308753
0.129025
0.530710
0.014299
0.849397
0.484163
0.074193
0.169210
0.072959
1.136025
1.055351
0.075634
1.449693
0.515679
0.200626
0.559621
0.725772
0.429088
0.554574
0.367132
0.264405
0.075443
0.102323
0.018750
0.356213
0.044378
0.070892
0.075862
0.431736
0.316047
0.515846
1.061260
0.021745
0.365017
0.381661
0.447141
0.058328
0.472635
0.288876
0.856446
1.985505
0.253285
0.027871
0.284012
0.238518
0.019762
0.944227
0.418532
0.125518
1.021504
0.840462
0.039256
0.276604
2.152150
1.139012
0.395086
0.347538
0.577137
0.742834
0.072352
1.041785
1.027330
0.195049
0.627934
0.531102
0.695778
1.106381
0.233050
0.450770
0.531362
1.742761
0.927751
0.575352
0.133362
0.454856
0.449741
0.024952
0.575528
0.017992
0.135427
1.133341
0.131968
0.078835
0.131545
0.447652
0.392964
0.040161
0.368552
0.148074
0.651888
0.691160
0.102133
0.252813
0.559813
1.623730
0.332862
0.351977
0.170238
0.137943
0.668995
0.172773
0.379260
0.547898
0.622809
0.037759
0.379197
0.212894
1.226223
0.056429
0.382589
0.149972
0.420713
0.277997
0.256883
0.121794
0.830706
0.070367
0.355860
0.297248
0.321530
0.369160
0.372267
0.045246
0.645300
0.255838
0.630887
0.286464
0.197598
0.174132
1.221428
1.490122
1.249185
0.362209
1.006259
0.472178
0.126146
1.212703
1.191661
0.417684
0.186883
0.157818
0.234244
0.950482
0.171449
0.523623
0.224463
0.162747
0.098794
0.242496
0.856697
0.000786
0.333169
0.004173
0.359250
0.353582
0.375723
0.387485
1.393676
0.224336
0.054654
0.039047
1.440314
0.222463
1.130117
0.163382
0.289386
0.008157
0.548990
1.102311
1.291146
0.365728
1.618491
0.228600
0.161600
0.405762
0.563886
0.075462
0.306192
0.878576
0.057811
0.510865
0.097833
0.151495
0.105619
0.248549
0.033991
0.311444
1.156884
0.102007
1.061846
0.294817
0.334577
1.073712
0.444127
0.081346
0.508445
0.481408
0.338675
1.296269
0.463080
0.285818
0.273999
0.309704
0.706785
0.026705
0.331568
0.114763
0.327516
0.309979
1.012449
0.143501
0.019426
0.292334
0.009363
0.033771
0.367466
0.126794
0.073315
0.029923
0.916075
0.086120
0.045602
1.424181
1.777680
0.847179
0.032266
0.215018
0.004648
1.012055
0.137481
0.722830
0.040862
0.251257
0.716234
0.176756
1.245816
0.082862
0.025927
1.515963
0.388064
0.348710
0.159721
0.401674
0.066332
0.040712
0.174621
0.133002
0.171339
0.124610
0.005811
0.676512
0.393708
0.127913
0.027540
0.018504
0.018038
0.132475
0.528713
0.506320
0.152796
0.347417
0.379036
0.948794
0.719171
0.195279
0.273884
0.639772
0.356998
0.585834
0.309544
0.218299
1.335142
0.009725
1.657676
0.607445
0.393166
0.271548
0.235304
0.096832
0.416729
0.316048
0.089850
0.768863
0.035252
1.047884
0.872350
0.364202
0.007537
0.145648
0.358925
1.393388
0.101563
0.897686
0.304324
0.389183
0.597651
0.304164
0.188470
0.875698
1.061232
0.985359
0.376513
0.948527
2.103937
0.102472
0.776268
0.194889
0.860014
0.829416
0.956354
0.508123
0.138827
0.247168
0.000067
0.485155
0.354525
0.219187
0.330471
0.168102
0.224630
0.280169
0.539150
0.614754
0.061561
0.220307
0.309815
1.019441
0.100176
0.001900
0.670138
0.520548
0.869543
0.242696
1.753569
0.899808
0.072805
0.054563
0.291910
0.132832
0.622262
0.478544
0.582025
0.606711
0.241587
0.465280
0.458404
0.518051
1.379279
1.046381
0.163677
0.856894
0.424027
1.086077
0.301540
0.600747
0.043736
0.060566
0.894702
0.130859
0.118608
0.658460
0.041844
0.350573
0.273285
0.341965
0.189304
1.233696
0.069851
0.248908
0.065018
0.304692
0.583010
0.470323
0.972333
0.273193
1.653312
0.312064
0.014766
0.805066
0.366642
0.420234
0.118279
0.146034
0.403289
0.982369
0.269203
0.413922
0.011582
0.814863
0.280816
1.520304
0.050383
0.042822
0.025507
0.475122
0.177054
0.095441
0.785523
1.397950
1.137029
0.218545
0.594661
0.846103
0.703980
0.280769
0.038365
0.487526
0.102887
0.015890
0.016012
1.021247
1.014937
0.394532
0.537714
0.373664
1.043378
0.466999
0.301327
1.529378
0.932195
1.513868
0.655711
0.426761
0.029507
1.447242
0.991196
0.176689
0.104102
1.075055
0.774927
0.109759
0.304877
0.841967
0.293257
0.337260
0.079045
0.724463
0.630593
0.345576
0.261435
0.179499
0.084809
1.553851
0.189980
0.481612
0.259652
0.361712
0.377749
1.730052
0.138819
0.256910
1.240877
0.059886
0.234273
0.334499
0.370297
0.142013
1.316815
0.548232
0.147295
0.531417
0.342040
0.134075
0.239349
1.558900
1.291758
0.461762
0.600813
0.089472
0.149792
0.081771
2.137445
0.919520
0.306796
0.089720
0.196803
0.408464
0.054248
0.314057
0.268146
0.671092
0.607076
0.298442
0.069258
1.603286
0.357090
0.332456
0.214721
0.113831
0.292804
0.389662
0.706613
0.710710
0.059459
0.254106
0.082265
0.228303
0.025126
0.122692
0.755492
0.499801
0.071413
0.032441
0.047169
0.692869
0.171867
0.094328
0.134601
0.216338
0.314763
0.540174
0.168011
0.951973
0.792904
0.225781
0.260515
0.661105
0.780619
0.260570
0.191956
1.212325
1.251297
0.163739
0.071617
1.059226
0.179822
0.209790
1.200448
0.614044
0.136930
0.396447
0.308228
0.149286
0.129752
0.629290
0.434911
1.242284
1.198540
0.252585
0.245644
1.400536
0.437628
0.900556
0.666845
0.949070
0.763173
0.699665
0.633944
0.180199
0.073059
0.185086
0.010912
0.391119
0.495409
0.145134
0.289193
1.006489
0.194057
0.532832
0.135022
0.170885
1.306825
0.215615
0.328165
1.486074
0.871710
0.199890
0.274090
0.085049
0.229889
1.008807
0.994275
0.223724
0.783105
0.230197
0.187373
0.368281
0.347758
2.969575
0.527365
0.488265
0.310469
0.341404
0.894676
0.012222
0.005315
0.055391
0.017774
0.213598
0.037351
0.309853
0.017239
0.919739
0.504343
0.388680
0.250226
0.560633
0.355430
0.267950
0.349496
0.535807
0.262519
0.800760
0.640649
0.402265
0.955616
0.103590
0.035504
0.007050
0.140181
0.056917
1.029187
0.301901
1.220604
1.045199
0.415881
1.020872
0.393838
0.267357
1.006375
1.044781
0.105621
0.123308
1.366808
0.690612
0.679524
0.927646
1.705032
0.397520
0.044860
0.242342
2.113735
0.173675
0.404820
0.074150
0.240968
0.324838
0.083428
0.024337
0.094312
0.040675
1.536007
0.753644
0.315455
0.126566
0.087009
0.031298
0.493641
0.881083
0.427823
0.359919
0.816120
0.140926
1.136212
1.208148
0.393635
1.073761
0.099838
0.369283
0.730275
0.264973
0.874379
0.423291
0.535964
0.139954
0.133954
0.643187
0.017271
0.899522
0.585847
1.338568
0.220742
0.940055
0.185840
0.079895
1.384657
0.224833
0.195046
0.408777
0.039261
2.279130
2.842027
0.123928
0.759078
1.051461
2.046778
0.003557
0.463759
0.248338
0.636238
0.265380
0.123605
0.931585
0.036585
0.465287
0.281095
0.246786
0.060225
0.057435
0.142656
0.384732
0.077376
0.358145
0.038158
0.540678
0.287420
0.482334
0.200532
0.002614
0.710639
0.569204
0.028799
1.303688
0.023688
1.180603
0.265607
1.745069
0.151787
0.227232
0.096539
0.120124
0.558178
0.872578
0.206928
0.774521
0.059166
0.764414
0.052376
0.272454
0.747001
0.033183
0.490736
0.032339
0.404311
0.205810
0.364647
0.033894
1.849573
1.019998
0.251456
0.218040
0.029573
0.428612
0.012257
0.663738
0.616112
0.595469
0.553903
0.311042
0.433562
0.216023
0.071078
1.216545
0.607859
1.180628
0.542256
0.147282
0.264665
0.584580
0.037209
0.111509
0.212349
0.036325
0.271608
0.241361
0.140531
0.409738
0.136412
0.349308
0.082264
0.409394
0.767605
0.219161
0.488006
0.050237
0.104831
1.254406
0.418332
0.138504
0.474954
0.020362
0.359760
0.457367
1.045813
0.339919
1.342830
0.448784
0.447449
0.906942
1.639260
0.151073
0.264447
0.099907
2.327833
0.139443
0.038772
0.984479
0.687677
0.107170
0.095899
0.833116
0.282801
0.059403
0.201244
0.825606
1.097201
0.573673
1.989904
0.161066
0.070682
0.528003
0.168153
1.230522
0.135463
0.354300
0.713111
0.164864
0.489939
0.286287
0.185800
0.269374
0.565211
0.646724
2.563418
0.345873
1.777945
0.293708
0.165359
0.049205
0.015475
0.723169
0.760991
0.319293
0.541392
0.118819
0.545601
0.797362
0.247137
1.771716
0.482906
1.014907
0.312744
0.539055
0.478839
0.897413
0.152944
0.233855
0.495232
0.733183
0.040091
0.384054
0.434274
0.393447
0.745366
0.315866
0.116864
1.114925
1.113740
1.320246
0.925868
1.033548
0.141063
0.122480
1.133178
0.603031
0.584847
0.341959
0.016804
0.160560
0.214043
0.258763
0.001050
0.093260
0.247685
0.352574
0.739080
1.110287
0.047758
0.112002
0.146996
0.012575
0.329162
0.293584
0.373015
0.452926
1.330216
0.207628
1.400561
0.303306
0.578458
0.206379
0.634442
0.296427
0.015105
0.191127
0.066133
0.568187
0.135063
0.519583
0.251569
0.027714
0.202652
0.254089
0.083410
1.469984
0.006069
0.867663
1.192648
0.485133
0.269910
0.678544
0.978014
0.137859
0.182651
1.024039
1.012977
0.178079
0.357828
1.192145
1.052366
0.501431
0.217742
0.072207
0.462268
0.430371
0.067264
0.408455
0.148502
1.358100
0.049909
0.208445
0.388322
0.014719
1.145004
0.168314
0.574021
0.734583
0.238673
1.124473
0.101358
0.461172
0.465467
0.136298
0.095018
0.406976
0.387273
0.690410
0.148795
0.257170
0.423847
0.268848
0.201216
0.696913
0.538316
0.451505
0.830629
0.314291
1.690327
0.383684
0.678771
0.631036
0.512264
0.657205
0.579761
1.370039
0.888174
0.513327
0.067401
0.137584
0.381704
0.416411
0.320679
1.094445
1.173392
0.078736
0.873723
0.253442
0.232187
0.535142
0.621360
0.135407
0.617968
0.143202
2.295129
0.461278
0.429063
0.991728
0.672279
0.194154
0.834702
0.187765
0.279857
0.031453
0.069240
0.321107
0.106713
0.859720
0.726903
2.875518
0.038333
0.327951
0.081267
0.080185
0.195476
0.700843
0.239804
0.026125
0.856282
0.271675
0.211109
0.071366
0.349961
1.274459
0.157450
0.022803
0.157897
0.176256
0.223162
1.276506
0.810096
1.821561
0.104505
0.373444
0.070721
0.140570
0.064815
0.536836
0.043027
0.517519
0.708938
0.275872
0.874241
0.004301
0.093393
0.580317
0.855462
0.603795
0.738605
0.865499
0.158038
1.191452
0.336895
1.997899
0.216573
0.200505
1.201444
0.714553
0.224141
0.069037
0.087219
0.146659
4.263089
0.018752
1.513197
1.969256
0.120509
0.236664
0.443879
0.822471
0.124936
0.748110
0.100012
0.018813
0.795517
0.720955
0.955800
0.034333
0.924276
0.007744
0.966947
0.528120
2.600855
0.548433
1.222468
0.105980
0.828848
0.194758
0.024260
0.675536
0.050983
0.879466
0.058393
0.258520
1.037509
0.039027
0.199187
0.192067
0.583311
0.304502
2.310553
1.040785
0.513776
0.011250
0.166969
1.012963
1.604004
0.016386
0.445281
0.186148
0.157994
0.116748
0.419727
0.011677
1.316258
0.486796
0.175140
0.388458
0.064267
0.014603
1.023540
0.164888
0.510941
0.287172
0.092734
0.923008
1.576248
0.707662
1.110234
0.258137
0.040708
0.651625
0.690437
0.072320
0.982390
0.152907
0.419884
0.223625
0.163355
0.199873
0.028900
0.100448
0.368271
0.102903
0.004761
0.261633
0.288316
0.844798
0.068347
0.235081
1.363054
1.324306
0.380013
0.961011
0.110668
0.276869
0.590785
0.972228
0.668965
0.190668
0.556964
0.444144
2.095460
0.230502
1.253821
0.347324
0.741445
3.356700
0.272942
0.282719
0.736153
0.870318
0.679196
0.678270
2.402908
0.555484
0.240900
0.436265
0.542427
1.326801
0.086409
0.562934
0.042991
4.068850
0.102480
0.354812
0.217451
0.284591
1.256573
0.029421
0.323904
0.257737
0.199849
0.153753
0.997822
0.445989
0.221385
0.326988
1.031897
1.103631
2.655935
0.602368
0.681982
0.077455
0.223831
0.076326
0.955078
1.653615
0.308531
0.219461
0.113073
0.228616
0.434113
0.750559
0.043967
1.063775
2.867937
0.377209
0.284714
0.931175
1.228303
0.771010
0.311402
0.512895
0.326387
0.009395
2.002949
1.847843
0.006041
0.321485
0.336108
0.796363
0.048528
1.615153
0.124445
1.280718
0.256879
0.145390
0.755317
0.472213
2.025331
0.046617
0.828435
0.109891
0.448950
0.505858
0.057081
0.160383
0.432039
0.035480
0.437954
1.535980
0.219165
0.120430
0.158550
1.051796
0.572633
0.426667
0.167385
0.082256
0.337903
0.260775
0.028788
3.410456
0.138900
0.133793
0.172137
1.709646
0.430268
0.270981
0.318739
0.230413
0.435618
0.306801
0.324735
0.091498
0.685071
0.587946
1.298598
0.639658
0.940015
0.382861
0.162553
0.225267
0.181453
0.923804
0.261885
0.436456
0.757912
0.006579
1.310860
0.343804
1.013730
0.986575
0.081778
0.316222
0.150874
1.112611
1.265517
0.839966
0.141471
0.211922
0.018222
0.419919
0.729853
1.694419
0.223559
0.025286
1.304461
0.747970
0.064172
0.274090
0.335482
0.121009
0.802331
0.161965
0.512214
0.011712
0.760997
0.214314
0.547738
0.680029
0.205039
0.145553
0.628442
1.132880
0.629635
0.139299
0.200750
0.334158
1.352220
0.518256
0.150047
0.914121
0.211633
0.289835
0.172694
0.216563
1.814501
0.219182
0.780656
0.429049
0.155595
0.362669
0.532641
0.402653
1.607860
0.060548
0.010077
0.225498
0.101896
0.404030
0.576592
0.407104
0.408844
0.242382
0.496230
0.439332
0.738261
0.640716
0.168927
0.403175
0.368040
1.820261
0.172278
0.009212
1.178705
0.032188
0.917962
0.355566
0.039314
0.133116
0.844751
0.046153
0.255533
0.027000
0.932369
0.067942
0.239770
0.712762
0.030944
0.067390
1.586059
1.601837
0.550146
0.344074
0.572035
0.033767
0.330277
0.049507
1.090388
0.094177
1.032006
0.719631
0.213051
0.070655
0.062039
0.168143
0.185497
1.587241
1.904494
0.232264
0.202238
0.438076
0.432352
0.110145
0.435247
0.361815
0.139436
0.469656
0.148656
0.392432
0.228302
0.042721
1.420396
0.219852
1.126878
0.307083
0.844028
1.087214
0.410171
1.567673
0.248020
0.117104
0.746274
0.132943
0.733870
0.901884
0.135557
0.309797
1.381208
0.143268
0.062169
1.232298
1.131169
0.597915
0.112705
0.130160
0.029192
0.060179
0.108886
0.461026
0.488200
1.084367
0.120213
1.875297
0.066433
0.099358
0.336701
0.097056
0.881635
1.274155
0.133400
0.142425
0.325240
0.470109
0.812294
0.035530
0.768870
0.732271
0.663143
0.038518
0.171635
0.901478
0.007598
0.730876
0.252088
0.116333
0.421585
0.167820
0.363534
0.299403
0.088348
0.213289
0.450373
1.115640
1.919712
1.107373
0.446305
1.862997
0.447029
0.000181
0.440301
0.052846
0.214880
0.678804
0.620923
0.030014
0.513026
0.158297
0.781799
0.695406
0.596961
0.052325
0.221173
0.304293
0.346613
1.131256
0.919382
0.607688
0.220002
0.862827
0.319894
0.587224
0.692254
0.147886
0.183857
0.919717
0.126417
0.058982
0.778858
0.351928
0.025821
1.212526
0.032370
0.636377
2.523740
0.194046
0.437552
0.252689
0.443024
0.411289
0.553671
0.578780
0.127455
0.033578
0.358080
0.435228
0.454932
0.072800
0.731699
0.213063
0.586210
0.292232
0.049433
0.963708
0.260038
0.630783
1.460519
0.266150
0.103990
1.743699
0.236792
0.248257
0.515357
0.218497
3.249327
0.362218
1.382545
2.481976
0.492263
0.316621
0.625155
0.727011
0.219445
0.968811
0.085228
0.170842
0.340436
0.121465
0.204152
0.258133
0.948865
0.240837
1.077573
0.139900
0.511846
0.355448
0.041119
0.426677
0.407884
0.863444
0.111431
0.062725
0.026548
0.659328
0.292895
0.052129
0.178377
1.424115
0.641658
0.952656
0.242153
1.028311
0.108811
0.344941
0.016535
0.169548
0.650319
0.093482
0.364598
0.494963
1.077301
0.000107
0.147424
0.046175
0.477552
0.122385
0.640538
0.283546
1.192468
0.202791
0.435927
0.124490
0.588778
0.099676
0.005092
0.149578
1.015179
0.084470
1.533992
1.282825
0.793276
0.464448
0.503789
0.063247
0.116779
0.135368
0.410324
0.297340
1.295819
0.525436
1.121925
0.953558
0.058532
0.051185
0.005639
0.157217
0.107380
0.485372
0.093708
0.399367
0.453604
0.696044
0.388810
1.302005
0.196382
0.177373
0.633117
0.693062
0.537912
0.105700
0.085815
0.403712
0.040898
0.777567
0.327964
0.081119
0.161333
0.972141
0.685642
0.012631
0.657326
0.685757
0.691738
1.462700
0.142105
0.192889
0.072156
0.398241
0.350173
0.466391
0.024424
0.267749
0.237942
0.012886
0.281174
0.005984
0.485364
0.807041
0.643278
0.449627
0.736356
0.239394
0.239526
0.188395
1.712838
1.020192
0.326203
0.213301
0.443978
0.212559
0.163596
0.297939
0.139746
0.422164
1.934024
0.576495
0.234601
0.473988
0.222216
1.152942
0.574160
0.076862
0.849436
0.301653
0.965014
0.248266
1.135337
0.482516
0.263864
0.072080
1.030399
0.414112
0.096384
0.966662
0.338643
0.126471
0.019466
1.408887
1.030440
1.414056
0.435441
0.519465
1.949253
0.048782
0.862373
0.029872
0.063424
0.167135
1.103087
0.844828
0.957789
0.517050
0.186778
0.111247
0.034499
2.217100
1.240535
0.762205
0.317109
0.049923
0.114662
0.524474
0.984293
0.896465
1.480036
0.679376
0.163979
0.302077
0.034511
0.024839
0.115182
0.280763
0.371019
0.202130
0.034933
0.096290
0.011241
0.173940
0.143585
0.096696
0.093551
0.350951
0.309878
0.103921
0.046482
0.274642
0.171959
0.273525
0.798531
0.810044
0.321394
0.219758
0.312234
0.287229
0.155775
0.190061
0.753203
0.102541
0.979576
0.023135
0.089176
0.185697
0.152095
0.021898
0.349322
0.377021
0.233184
0.644572
0.703532
1.582582
0.241363
0.193347
0.159580
1.644784
0.308455
0.270204
0.295343
0.823771
0.656571
0.685787
1.443834
1.048349
2.777155
1.309370
0.423221
0.182689
0.121381
0.597349
1.072893
0.201942
0.751083
1.204505
0.827788
0.117018
0.394614
0.197456
0.037340
0.460430
0.468540
0.634545
0.454328
0.282064
0.046740
0.301242
0.263627
0.048855
0.279578
0.841838
0.185552
0.041385
0.171231
0.198819
0.457761
0.225449
0.089876
0.324765
0.190124
0.416247
0.185330
1.758301
0.759548
0.043406
1.363891
0.179864
0.263259
2.341483
1.520745
0.379016
0.316363
0.343119
0.600763
0.469787
1.081802
0.030846
0.176398
0.543381
1.308659
0.233945
0.198256
0.241802
1.511337
0.309230
0.663052
0.433369
0.063136
0.143008
0.089408
0.217880
0.037667
0.250417
0.014953
1.079131
0.727408
0.031197
0.186525
0.537735
0.310097
0.599673
0.344573
0.347566
0.768014
0.317902
1.265624
0.868645
1.119814
1.148476
0.128373
0.137155
0.145795
0.696348
0.757633
0.026646
0.350962
0.048132
0.132009
0.871019
0.234506
0.394482
1.502425
0.718521
0.362467
0.497074
0.366693
0.175029
0.528889
0.144724
0.226193
0.079783
0.223809
0.125849
0.544819
0.417689
0.255708
0.892876
0.359281
0.436411
0.165221
0.194954
0.047329
0.379864
1.073617
0.568545
0.642198
0.098671
1.075557
0.101675
0.868243
3.036536
0.965306
1.792602
0.727087
0.174203
0.004193
0.032332
0.112191
0.477564
0.405133
0.291046
0.020789
0.126028
0.994319
0.025391
0.222244
0.004370
0.348283
0.428928
0.690571
0.588671
0.105235
1.695667
0.463531
0.874836
0.006619
0.661409
0.478203
0.048707
0.085964
0.915369
1.041880
0.031046
0.698280
0.438793
0.004203
0.572528
0.961368
1.234165
0.359377
0.000707
0.724598
0.167075
0.131400
0.068946
0.000403
0.190355
0.724613
0.526484
0.077537
0.872014
0.062892
0.777498
0.514730
1.036649
0.516073
0.174807
0.066304
3.377562
0.558212
0.171200
0.540832
0.018096
0.008636
0.111428
0.046565
0.560029
1.151038
0.387692
0.266776
1.633344
0.060149
0.839090
1.132805
1.238904
0.172498
0.063379
0.282685
0.711286
0.467304
0.454499
0.478240
0.259506
0.004100
0.342019
2.090413
0.245231
0.156631
0.938176
0.164193
0.009599
0.878357
0.170481
0.980957
1.618558
0.242562
0.018430
0.386515
0.126185
0.607173
0.788920
0.462977
0.031873
0.013358
1.550703
0.225955
0.014984
0.103218
0.817815
1.466261
1.196725
0.168803
1.004286
0.194446
0.171043
0.556320
1.678337
0.674054
0.105091
0.579634
0.887207
2.702120
0.514601
0.013026
0.660238
0.828853
0.192795
0.361097
0.266434
1.743575
1.558947
0.025253
0.097073
0.216300
0.178816
0.169330
0.868308
0.174189
0.092914
0.252820
0.139608
0.375990
0.257373
0.077989
0.361500
0.044902
0.072602
0.618836
0.002841
0.830520
0.347469
0.351554
0.632824
0.044197
0.329078
0.259316
0.466281
0.086607
0.306674
0.006485
0.898399
1.332068
0.169100
0.965626
0.397259
1.747488
0.146055
0.900860
0.365234
0.124619
0.531168
0.607986
0.164584
0.179455
0.355799
0.197762
0.470206
0.045468
0.729097
0.470460
0.438203
0.162859
0.503420
0.870069
0.623109
0.066881
1.013453
0.951875
0.213321
0.664431
0.377383
0.631377
0.336361
0.108022
0.159633
0.646679
0.041126
0.057821
1.339452
0.804653
0.024645
0.171948
0.072266
0.344152
0.347141
0.551253
0.069466
0.328217
0.076036
0.058820
0.722880
0.373918
1.445275
0.371386
0.683129
0.648621
0.523759
0.031623
0.284849
0.133539
0.484529
0.072968
0.364997
0.102927
0.530275
0.451247
0.481032
1.234701
0.446887
0.067074
1.206984
0.587795
0.457617
0.581613
0.314410
0.010656
0.395433
0.199817
0.656812
0.104011
0.370980
0.058806
0.410978
0.016879
1.134799
0.088021
1.388359
0.766067
0.263067
0.297676
1.275591
0.123890
0.221849
0.326679
0.959283
0.820931
0.310486
0.274729
0.081847
0.086665
0.108185
0.790071
0.245985
0.155212
1.939079
0.773998
0.088631
0.026867
0.034903
0.164461
0.491968
0.361862
0.191765
0.121942
0.233372
0.671353
0.232796
0.932917
0.161697
1.058104
1.307425
0.516191
0.573009
0.874981
1.629470
0.239430
0.520172
0.663291
0.046754
0.556963
0.753077
0.123375
0.548501
0.410597
0.317706
0.337456
0.278167
0.660517
1.260292
0.222151
0.196508
1.128921
0.552870
0.208864
0.103926
0.589934
0.161956
0.080787
1.993779
0.491963
0.006630
0.204577
0.050221
0.329670
0.995673
0.393995
0.466094
2.492468
1.408232
0.829447
0.267022
0.082698
0.604473
2.206001
0.326184
0.477816
0.926530
1.069295
0.095970
0.122844
1.412546
0.560939
1.029685
0.628136
0.523974
0.164166
0.326996
1.601871
0.149093
0.607703
0.322075
0.598006
0.246151
0.288660
2.064085
0.097106
0.465397
0.095769
0.872635
0.156224
0.508633
0.693972
0.126019
0.001856
0.100976
0.203433
0.060468
0.466325
0.846989
0.024641
1.177353
0.127126
0.202841
0.969836
0.539313
0.027438
0.163293
0.120325
0.498532
0.168685
0.173118
0.230432
0.562232
0.653200
0.096689
0.558402
0.166572
0.624360
0.629034
0.317493
0.939642
1.398552
0.071607
0.014479
0.790540
0.142110
0.485456
0.538215
0.485763
0.106911
0.619261
0.238916
0.627125
0.844248
1.397556
0.355098
1.173936
0.372931
0.718896
0.858775
0.729710
0.602847
0.162231
0.499550
0.165058
1.737865
0.286748
0.111636
0.546941
0.516771
0.486605
0.001017
0.257330
1.242227
0.320639
0.548783
0.342751
0.464637
0.669000
0.033475
0.756569
0.641922
1.501045
1.281833
0.111395
0.265500
0.487748
0.078878
0.109637
1.680843
0.570139
0.264744
0.579651
0.045162
0.652823
0.467836
0.109502
1.382053
0.565439
0.002328
1.431882
0.115806
1.752308
0.046010
0.748828
0.707872
1.022372
0.198038
0.090775
0.098990
0.472428
0.234338
3.812643
0.622307
0.650750
1.272754
0.013594
0.832580
0.017916
0.587376
0.143269
1.107109
0.284527
0.071611
0.279067
0.101154
0.250715
0.111302
0.193872
0.121042
0.909289
0.199131
0.572715
0.218247
0.201739
0.237208
0.541379
1.420776
0.316800
0.259594
0.550941
0.404957
0.056121
0.121031
0.837678
0.515762
0.456149
0.072764
0.026641
0.134328
0.115568
0.458738
0.071844
1.356857
0.141148
0.119971
3.280414
0.074860
0.932148
0.039316
0.345242
1.024130
0.361361
1.477051
0.397280
0.568808
0.386047
1.913903
0.480127
0.053092
0.303002
0.068464
0.249504
0.055875
0.571546
0.705307
0.051878
0.147558
0.732817
0.386208
1.409795
0.520673
0.306160
0.084186
0.070332
0.292969
1.171208
0.524703
0.311189
0.559577
0.061160
1.157929
0.509681
0.556860
0.446092
0.184690
0.204862
0.904985
0.581111
0.675638
0.378080
1.274711
0.614448
0.213786
0.594569
0.770979
0.103551
0.301157
0.070811
0.240915
0.401117
0.200230
0.114917
1.511012
0.850027
1.058589
0.079990
0.903682
0.332405
0.273294
0.332476
0.460307
0.218184
0.910050
0.449997
1.093724
0.260450
0.049434
0.253892
0.084675
0.624587
0.453721
0.016914
0.403422
0.197002
0.135330
0.547671
0.964494
0.349937
0.087671
0.404732
0.043210
0.359808
0.150064
0.619085
0.355378
0.233245
0.039486
0.020209
1.597200
0.266160
0.142317
0.810722
0.888704
3.005072
0.755262
1.031096
0.117038
0.422026
0.068787
2.706712
1.761926
0.182537
1.253571
1.312838
0.873677
0.517708
1.382502
0.506045
0.287753
0.278247
1.401898
0.415577
0.269869
0.048730
0.188951
0.427601
0.830050
0.057928
0.618312
0.160984
1.707397
0.447527
0.354758
0.204806
0.107575
0.508478
0.154623
0.123028
1.186344
0.422237
0.560878
0.272568
0.162746
1.136102
0.158965
0.318534
2.802765
0.146561
1.116217
0.007814
0.203600
0.066098
0.135770
0.227356
0.002329
0.062253
0.997232
0.622919
1.370031
0.037165
0.235337
0.141277
0.876882
0.199384
1.106575
0.046197
0.053878
0.411503
0.348309
0.050299
0.618286
0.829785
0.205567
0.497546
0.086494
0.174046
0.561301
0.476467
0.055776
0.184730
0.288029
0.171665
0.054313
0.186304
0.461369
1.128946
0.795761
0.036204
1.880274
0.655825
0.155619
0.026702
0.210957
0.019903
0.894615
0.028482
0.348092
0.155210
1.339743
0.302466
0.096339
0.551998
2.239479
0.260727
0.990723
0.457224
1.965533
0.101801
1.020931
0.289148
0.019128
1.678180
0.760874
0.574129
0.944130
1.178924
0.289940
0.218586
0.112765
0.332222
0.066614
0.996862
0.439687
0.170404
2.789702
0.001722
0.020638
0.295966
0.435503
0.360654
0.464499
1.180475
0.101440
0.035721
0.368286
0.596217
0.103540
0.099437
0.302599
0.863042
0.086340
0.085034
1.274771
0.260319
0.457683
0.059310
0.203331
0.014540
0.636805
0.417287
0.101255
0.907828
0.162286
0.118080
1.266215
0.108067
0.400807
0.130652
0.022018
0.218655
0.042090
0.070125
0.165426
0.087334
0.926860
1.349684
0.353948
0.874211
0.425568
0.532729
0.583097
0.027227
0.047430
0.262892
1.426172
0.411959
0.070778
0.216658
0.233859
1.087916
0.574938
0.958758
0.364678
0.919790
0.303089
1.500633
0.132762
0.094503
0.604058
0.253093
0.032963
0.106474
0.662908
0.416579
0.516356
0.161351
0.579769
0.133538
0.190347
0.297211
0.598528
0.119523
0.524042
0.285911
0.010802
1.406400
0.001368
0.839633
2.476016
1.038718
0.273412
1.114453
0.244497
0.625201
0.832939
0.405909
0.507088
0.009461
1.269895
1.303076
1.819314
0.308875
0.136644
0.299341
0.171863
0.656367
0.208690
0.089539
0.113467
1.130198
0.955538
0.245044
0.384375
0.423713
0.063256
2.339602
0.562695
0.375495
0.058211
0.093592
0.135404
0.269089
0.453427
1.257564
0.104391
1.202714
0.084583
0.152089
0.257950
0.036051
0.411053
0.624422
0.031420
0.117453
0.055126
0.034548
0.075510
0.695022
0.546567
0.441333
0.907806
0.130502
0.099168
0.253432
0.382654
1.468084
0.175020
0.054173
0.216942
0.495024
0.288146
0.427389
0.616443
0.056092
0.873537
0.207883
0.259616
0.043985
1.602228
0.123283
0.158947
0.448047
0.044241
0.008959
1.731811
0.594208
0.853698
0.463039
0.575822
0.928184
0.774251
1.045617
0.618228
0.212028
1.026492
0.126241
0.417466
1.023031
0.353084
0.369481
0.253463
0.284209
0.166653
0.221872
1.680275
0.430952
0.009745
0.863255
0.572177
0.136523
0.679900
0.790722
0.449132
0.230156
0.077495
0.157445
0.258014
0.842814
1.433740
0.752103
0.115597
0.218855
0.239368
0.061225
0.513080
0.182784
0.289107
0.174322
0.250942
0.641300
0.148391
0.075689
0.004166
0.422965
0.138517
0.228333
0.699238
0.567415
0.462262
1.237612
0.257553
0.718558
0.352189
0.056681
0.872059
0.335867
0.188839
0.895983
0.153130
1.338160
0.754000
0.215506
0.536738
0.402932
0.474120
0.375842
0.232833
0.240008
0.370274
0.092606
0.972998
0.337135
0.304819
0.065502
0.044658
0.910106
0.198215
0.628636
0.601098
0.366592
0.013677
0.844103
0.388197
0.048844
1.487526
0.037111
0.461505
0.759809
1.441899
0.174254
0.156880
0.306566
0.377154
0.015090
0.875378
0.101553
0.053370
1.412666
0.711470
0.189284
1.778945
0.181418
0.327017
0.029939
0.533445
0.329827
0.654948
0.098361
0.315894
0.735992
0.019924
0.766657
0.629910
0.067849
0.296124
0.032056
0.109805
0.190300
0.071350
0.209209
0.003364
0.654996
0.268289
0.257124
0.656686
0.073478
0.639196
0.419789
0.027280
1.346340
0.137100
0.776939
0.303613
0.134979
0.597171
0.109781
0.963691
0.225009
0.551835
0.910344
0.743923
0.453683
0.361758
0.116326
1.644018
0.762420
0.373609
0.350549
0.257053
0.339369
0.214187
0.781346
0.935365
0.603958
0.567980
2.407329
0.236564
0.131461
0.686508
0.765817
0.157903
0.677300
0.951794
0.039117
1.307633
0.163821
0.402691
0.294606
0.503689
0.551357
0.380137
0.447509
0.322716
0.415414
1.816981
0.761200
0.026819
0.503128
1.482028
0.981428
1.055056
1.232848
0.747343
0.036138
0.110050
1.304745
0.281031
0.097404
0.181773
0.206383
1.278839
0.555090
0.416960
0.245953
0.017786
0.341130
0.222356
1.028144
1.638054
0.243215
0.730214
0.201360
0.012703
0.252205
0.031428
0.140055
1.130089
0.120099
0.012634
0.305106
0.641924
1.128882
0.597948
0.573049
1.264065
0.487582
0.054121
0.279017
0.564460
0.436341
0.157283
0.195290
0.198900
0.391370
0.752051
2.326291
0.803182
0.097455
0.276040
0.690062
0.123104
0.865605
0.791340
0.531053
0.614986
0.375158
0.683911
1.424136
0.617879
0.314723
0.691306
0.004244
0.089513
0.035930
0.738955
0.169649
0.017471
0.514073
0.188115
0.372851
0.020679
0.626113
0.437365
0.603229
1.198633
0.509853
0.066791
0.238938
0.072757
0.557280
0.109190
0.276688
1.054803
1.241642
0.806853
1.295927
0.600794
0.102336
0.237863
0.042214
0.088952
0.739735
1.026068
0.232707
0.623516
0.434956
0.547659
1.243344
0.331823
0.002205
0.240050
0.037677
0.964787
0.183628
0.210009
0.198188
0.849722
0.317820
0.747395
1.927433
1.371383
0.001325
0.025562
0.114978
0.274993
0.756092
0.343333
0.459434
0.172804
0.092500
0.269939
0.007612
0.339337
0.296316
0.538193
0.110417
0.333865
0.143460
0.323128
0.391047
0.212512
0.552253
0.080321
0.001617
0.076208
0.971023
1.557048
0.354334
0.383792
1.380052
0.504590
0.112658
0.297725
0.016805
1.161028
0.087560
1.157684
0.209466
1.937680
0.500702
1.765501
0.878308
0.701064
0.065048
0.105147
0.853347
0.559190
0.244703
0.656819
0.248398
0.098130
1.426606
0.216123
0.975716
0.106451
0.564417
1.241007
0.409568
0.522202
0.052972
0.518756
0.424939
0.181151
0.647623
0.260529
0.273392
0.267806
0.493682
0.238635
0.503642
0.014362
2.171414
1.318464
0.416541
1.536010
1.119343
0.176422
0.518255
1.526585
2.359357
1.017739
1.750168
0.668437
0.558101
0.482971
0.155417
0.263304
2.017167
0.292030
0.358506
0.336397
0.700494
0.004712
0.050771
0.062207
0.703842
0.650054
0.048853
0.116244
0.475738
0.506012
0.163803
0.123944
0.002955
0.101971
0.289473
0.314277
0.273372
0.074787
1.086183
0.196410
1.021673
0.103212
0.218149
0.285455
0.555940
0.793574
0.571181
0.166961
0.156414
0.221106
0.526336
0.183388
0.634137
0.344905
2.326145
0.307380
0.068731
0.135871
0.039600
0.177130
0.201242
2.412028
0.166667
0.280754
0.240387
0.388181
0.770509
1.216165
0.084822
0.048788
0.746047
1.185455
0.877264
0.505601
0.002972
0.461397
1.533686
0.757771
0.280187
0.470483
0.283302
2.407979
0.476810
1.407580
0.152824
0.848883
0.976151
0.043635
0.385825
1.163111
1.066796
0.010501
0.471281
0.088121
0.109389
0.967587
0.913526
0.088470
0.145698
0.709884
0.692791
0.100717
0.544378
0.983615
0.323683
0.560174
0.811837
0.295168
0.001524
0.210312
0.246468
1.252586
0.313270
0.149581
0.066991
0.421953
0.013462
0.532051
0.683944
0.597601
1.680785
0.676468
1.172790
1.741261
2.210569
0.523177
0.848096
0.154467
0.802174
0.207617
0.552537
0.514595
0.906296
0.314609
0.022724
0.462887
0.394689
0.439456
0.065973
0.168766
0.211958
0.841745
0.582853
0.051022
0.694271
0.541554
1.839597
0.032760
0.075740
0.285839
0.400751
0.296746
0.249803
1.445759
0.647393
0.245949
0.992668
1.194033
0.234621
0.173569
0.501639
1.597924
0.455857
0.695997
0.307169
0.480746
0.153986
0.188405
0.013082
0.666875
0.469250
0.219192
0.245076
1.731413
0.016572
0.822742
0.489251
0.863371
0.814189
0.109970
0.082242
0.115566
0.175088
0.135233
1.351174
0.084909
0.389372
0.228203
0.092945
1.753482
0.705844
0.736192
0.171898
1.129028
0.089908
0.125455
1.121256
0.308105
0.182122
0.167664
0.864566
0.024641
1.832647
0.318951
0.472590
0.291613
0.372975
0.911387
0.063614
0.214858
0.124732
0.254106
0.374199
0.157952
0.131514
0.846610
0.047044
1.147351
0.242020
0.862571
0.067309
1.243070
0.562200
0.932659
0.897124
0.355613
0.129678
0.754501
0.291644
2.017201
0.125854
1.122566
0.814373
0.236395
0.525036
0.150441
0.033136
0.718372
0.108112
0.271719
0.608414
0.499991
0.533543
0.590727
0.582325
0.403958
0.051587
0.425333
0.027419
0.159588
0.137729
0.120341
0.365455
0.427366
0.123243
0.156469
0.320195
0.033237
0.446814
0.017620
0.175886
0.154254
0.595766
0.732557
0.588532
1.462075
0.120463
0.130663
0.570365
0.356285
1.195113
0.001375
1.123371
0.317686
1.288981
0.276597
0.416347
0.560433
0.107038
0.090068
0.319602
0.032269
1.342805
2.009068
0.586605
0.481646
0.195878
0.926184
0.135935
0.404328
0.013678
0.169585
0.509423
0.451654
0.061618
0.220899
1.042891
0.294335
0.019700
0.197763
0.051315
0.121573
0.036712
0.190338
0.993649
1.291829
0.743804
0.060581
0.588364
0.051972
0.536303
0.051955
0.038905
0.007206
0.169073
0.273768
1.761473
0.005571
0.176112
1.538788
0.218884
0.742499
0.807608
0.345543
0.077446
0.292895
0.156799
0.361174
0.641090
0.235191
1.164949
0.953161
0.235404
0.493009
0.126469
0.636418
0.552487
0.849169
0.630842
0.358585
0.044210
0.276374
0.248424
0.294003
0.136062
0.111917
0.031719
0.276569
1.589825
0.026572
0.307655
0.192737
0.801095
0.414922
0.413821
1.192359
0.809478
0.061670
0.102087
0.598022
0.093581
0.249855
0.459797
1.109002
0.645964
0.234766
0.206782
0.346924
0.190663
1.458253
0.359597
0.188854
0.130688
0.597587
2.049885
0.616488
0.394577
0.177065
0.315641
0.403527
0.058087
0.186017
0.888843
0.232631
0.022664
0.399005
0.094224
0.018055
0.396609
0.049918
0.341695
0.355305
0.489125
0.259079
0.699414
0.003539
0.264761
0.608328
0.375172
1.241819
0.655873
0.618123
0.169564
0.362874
0.156972
0.923550
1.021721
0.305998
0.152880
0.215087
0.622898
0.724462
0.315446
1.134471
0.008901
0.780310
0.207576
0.041126
0.499591
0.024887
1.207562
0.373415
0.026968
0.135210
0.281194
0.098762
0.909261
0.281688
1.436201
0.850540
0.093336
0.356408
0.127826
0.297916
0.732078
0.321984
0.373923
0.118129
0.117209
2.457647
0.507516
0.731500
0.945313
0.021798
0.444482
0.138507
0.362091
1.609340
0.581857
0.498949
1.085188
0.910537
0.221086
0.106862
0.732243
0.365035
0.043335
0.146789
0.188793
0.292813
0.008847
0.118547
0.177012
0.727742
0.562100
0.169062
0.416973
0.361307
1.040992
0.811232
0.253787
0.068853
0.097597
0.169136
0.120202
1.667921
0.380450
0.386679
0.266838
0.228686
0.143328
0.889171
0.098465
0.193764
0.123708
0.691684
0.036562
0.083432
0.190405
0.408839
0.386377
0.237507
0.625858
0.507159
0.109396
0.092145
0.181808
0.333388
0.502111
1.692783
0.990900
0.901535
0.863498
1.473035
1.379861
0.511672
0.168616
0.025975
0.471748
0.453898
1.426147
0.982428
0.558645
1.906595
0.761346
0.264332
1.006900
0.404823
0.761235
0.013121
0.593541
0.128885
0.058382
0.302253
0.606971
0.115294
0.114405
0.724505
0.802950
0.032464
0.008585
0.015900
0.413605
0.631772
0.001170
0.027985
0.392687
0.872345
1.167838
1.763246
1.019867
0.328224
0.144295
1.028206
0.657654
0.995693
1.087001
0.016725
0.583659
3.169882
0.189368
0.446888
1.059874
0.730952
0.614377
0.491116
0.777747
0.472819
0.755918
0.165059
0.126523
0.034433
0.177245
0.471245
1.703858
0.013600
0.782812
0.016724
0.032355
0.232449
0.109475
0.249285
0.083013
0.149049
0.520405
0.640475
0.881931
0.995728
0.146622
0.280259
0.437737
1.116748
0.372998
0.352347
0.394434
0.056601
0.181428
1.035868
0.504608
0.949930
0.246690
0.007728
0.838212
0.021453
0.462139
0.199443
0.040434
0.396943
0.443457
1.595988
0.746521
0.127588
0.418772
0.576779
0.222623
1.242025
1.661124
0.324794
0.128305
0.370277
0.688458
0.382979
0.530940
0.127047
0.338471
0.283706
0.379150
0.387454
0.324330
0.182058
0.249140
1.358472
0.387318
0.656460
1.032575
0.028305
0.315049
0.007609
0.403321
1.834930
0.949247
0.372395
0.081495
0.352782
0.770426
0.034666
0.335080
0.053547
0.166866
0.929454
0.009756
0.598481
0.165773
0.285646
0.020376
0.016586
2.365699
0.125656
0.291967
0.241044
0.120708
0.418814
0.616376
0.050606
1.604023
0.600376
0.780174
0.465080
1.028420
0.725171
0.206446
2.157323
0.336889
1.490884
0.302407
0.139565
0.110338
0.064726
1.824487
0.234146
0.017904
0.784754
1.542795
0.867116
0.181662
0.732171
0.663190
0.071273
0.311371
0.879663
1.110858
0.036381
0.055715
0.389510
2.647916
0.794764
0.559683
0.330361
0.020423
0.040415
0.915030
0.331448
1.245329
0.121614
0.129432
0.907185
0.415877
0.044785
0.749868
0.285138
1.435344
0.363726
0.126932
0.022425
0.276306
0.749024
0.061786
0.802568
0.077987
0.016132
0.633961
0.222136
0.451281
0.026805
0.684352
1.377187
0.022606
0.806044
1.219942
0.012421
1.476255
1.108870
0.225203
0.115687
0.906045
0.158208
0.235737
0.566728
0.353490
0.565180
0.011967
0.779573
0.396130
2.075059
0.489796
0.568532
0.040426
0.528500
0.001983
0.528838
1.132312
0.011254
1.062610
0.457730
0.055928
1.000450
0.443320
0.302945
0.246946
0.292393
1.498076
0.076419
0.402379
1.625780
0.927388
0.258029
0.222254
0.177607
0.206364
1.458291
0.821508
0.159285
0.176245
0.466798
0.064499
0.255260
0.236417
0.149267
0.816914
0.740024
0.471656
0.071725
0.085665
0.071348
0.800329
0.115145
0.052581
0.052713
0.170788
0.024886
0.568076
0.732477
0.107381
0.837768
0.502745
1.320504
0.586533
0.374982
0.031159
0.186374
1.390019
0.068193
0.977132
0.338448
2.175420
2.180477
0.203126
0.384043
0.200736
0.130830
0.191869
0.439597
0.052253
0.294864
0.142283
0.007045
1.360422
0.092629
0.225760
0.374542
0.291373
0.498328
0.971380
0.256755
0.627915
0.115515
0.053515
0.453399
0.256181
0.027267
0.339167
0.945744
0.023663
0.231986
0.316370
0.563375
0.045051
1.314886
0.213490
0.097869
0.342163
0.004010
0.513336
0.085667
0.257061
0.153808
1.157826
1.913576
0.004286
0.467881
0.393043
0.424163
0.333338
0.849918
0.317569
1.631377
0.736127
0.004779
1.108761
0.470388
0.356725
0.523845
0.230318
0.652912
0.288490
0.660187
0.373076
0.083942
0.110590
0.422121
0.043696
0.329192
0.696642
0.253680
0.768159
0.209451
0.176712
0.217837
0.231161
1.250377
0.279530
0.456612
1.419907
0.279007
0.024309
0.784653
0.312222
0.214424
0.277579
0.338402
0.324057
0.006148
0.345256
0.684263
0.325169
1.198600
1.562120
0.056230
0.031974
0.450937
0.161968
0.379473
0.051396
2.402454
0.717901
0.431665
0.010459
0.720815
0.637856
1.066141
0.050679
0.161749
2.516212
0.245342
0.223266
0.714315
0.047125
0.121418
0.357509
0.470394
0.042445
0.853771
0.095325
0.147843
0.698558
0.043231
0.352040
0.224847
0.097327
0.846347
1.020499
0.206654
0.178159
0.617091
0.118007
1.037858
0.242757
0.264848
1.435314
1.573138
0.524830
0.395708
0.011205
0.326013
0.809296
0.761178
0.053293
0.398278
0.232452
0.130878
0.609222
0.701650
0.006333
0.407828
0.200045
0.423112
0.519772
0.448496
0.430850
0.663391
0.583499
0.022026
0.258832
0.455146
0.810905
0.456843
0.133854
0.397873
0.171880
0.106970
0.281253
0.427669
0.163860
0.169445
0.002607
0.262153
0.416881
0.911159
0.114387
0.061556
0.249246
0.285609
0.652998
0.347248
0.052461
0.075736
0.657850
0.137361
0.463983
0.965402
0.278203
0.565147
0.396168
1.112064
0.667457
0.455904
0.063798
0.151539
0.495554
0.227377
1.688851
0.122306
1.577629
0.130937
0.446474
0.642117
1.084651
0.651941
0.562788
0.506439
0.149188
1.000060
0.042211
0.655603
0.935651
2.097114
0.498183
0.426796
0.915094
0.139567
0.203148
0.826751
0.312764
0.112562
0.771208
0.216903
0.619600
0.695740
1.643531
0.447931
0.720782
0.760699
0.346905
0.336193
0.243349
0.140587
0.175222
0.343359
1.646871
0.103763
0.325217
0.664779
0.023335
0.078930
0.536283
0.396509
1.324047
0.614024
0.115335
0.360303
0.118499
0.517110
0.283473
0.606771
2.054119
0.878984
0.159351
1.381644
0.389812
0.117653
0.051101
0.763459
0.126833
0.384830
0.818054
0.427904
1.797605
1.090269
0.112232
0.126652
0.838776
0.438577
0.422792
0.743405
0.282307
0.646207
0.196112
0.775266
0.117892
0.744148
0.146697
0.462448
0.466531
0.134489
1.082979
0.601132
0.033046
0.290659
0.175264
0.277333
0.690932
0.396574
0.457467
0.078182
1.112353
1.298138
0.534829
0.053452
0.143304
0.809682
0.784637
0.203198
0.099038
0.686551
0.665997
0.781841
0.102747
0.464879
0.208067
0.137847
1.912148
0.140579
1.631797
0.222625
1.489462
0.433848
0.418720
0.110644
0.529684
0.002288
0.080246
0.306990
0.307028
0.455645
0.500798
0.077807
0.657053
0.099040
0.860983
0.308624
0.575396
0.060556
0.093013
0.094173
0.040718
0.327286
0.074610
0.382091
0.102940
0.193811
0.318922
0.154973
0.627944
0.113393
0.567424
0.305203
0.170920
1.068270
0.017846
0.355807
0.544763
0.425686
0.418555
0.443522
0.297816
0.263887
1.399918
0.067227
0.397573
0.572398
0.399951
0.015544
0.735566
0.365870
0.502230
0.045059
0.927740
0.473740
2.028301
0.106465
0.260933
0.393345
0.035524
0.143749
2.229659
1.457244
0.182788
0.545180
0.451903
0.142402
0.068176
0.014861
0.103787
2.746068
0.373581
3.416904
0.159159
0.176354
0.766881
0.585509
0.556971
0.940884
0.913696
0.749123
0.354743
0.155703
0.011860
0.939104
1.163268
0.079026
0.663720
0.360352
0.536770
0.411924
0.666894
0.553973
0.533527
0.192630
0.136492
1.642056
0.186885
0.032334
0.123710
0.430842
0.004177
0.595895
0.556853
0.159044
0.451880
0.298558
0.235870
0.548638
0.009072
0.184704
0.019293
0.493888
0.055816
0.657975
0.207174
0.897917
0.657600
0.476378
0.050290
0.091175
0.192527
0.358933
0.480051
0.320341
0.204785
0.966013
0.086852
0.696657
0.855920
0.365248
0.300655
0.077195
0.086886
0.231007
0.095814
0.478581
0.383460
0.664783
0.103596
1.524055
0.556745
0.073356
2.083656
1.169502
0.236793
0.184720
0.013049
0.071039
0.214190
0.035258
0.316998
0.063593
0.043878
0.051270
0.737790
0.759708
1.178891
0.443776
0.164493
0.415261
0.171436
0.319310
0.395007
0.531401
0.395704
0.213882
0.085209
0.250967
1.274491
0.150226
0.235517
0.699816
0.327880
0.589654
0.105723
0.089318
0.027184
0.202884
0.539976
0.128987
0.175373
0.505425
0.097083
0.720247
0.497380
0.483598
0.301307
0.780949
0.326774
0.028581
1.508253
0.256938
0.855723
0.284417
0.832247
0.926009
0.678060
0.108958
0.016432
1.098487
0.306543
0.290189
0.745468
0.444616
3.347133
0.500239
0.103497
0.148066
0.133962
0.017892
1.260680
0.507427
0.401270
0.047575
0.327162
1.655022
0.321901
0.142400
0.611176
0.273211
0.725022
0.554876
0.060100
1.126622
2.268193
1.801754
2.175605
0.224065
0.141133
0.489551
0.000090
0.467738
0.118271
2.014658
0.021415
0.111780
1.273818
1.771905
1.430408
0.760307
0.030743
0.023214
0.722483
0.718515
1.258868
0.102835
0.135707
0.145584
0.146586
0.086430
0.087647
0.098032
2.107245
0.200434
0.108636
0.341159
0.088621
0.170851
1.562793
1.025482
0.195676
0.148017
0.245848
1.353706
0.010253
0.925948
0.378451
0.007913
0.079828
0.371531
0.091593
0.523179
0.388122
0.061086
0.512544
0.440725
0.304597
0.036684
0.803746
0.406695
0.184070
0.179479
1.123360
1.224528
0.760308
0.260956
1.185986
0.223322
0.181944
0.050016
0.076356
0.532963
0.988522
0.842452
0.025353
0.767644
0.233572
0.057253
1.411412
1.115311
0.047701
0.493195
0.007999
0.155993
0.106542
0.262263
0.587183
0.846661
0.100366
1.151038
0.193754
0.413123
0.258043
0.455366
0.183601
0.304567
0.980129
1.072817
1.270983
0.052047
0.735216
0.130763
0.061385
0.076679
0.178398
0.035494
0.081285
0.581097
0.474351
0.024064
0.240947
0.270778
0.413916
0.205329
0.251466
0.028942
0.681493
1.258468
0.344014
0.621128
1.973301
0.083721
0.124896
0.188168
0.015115
0.508740
0.628657
0.660097
0.058975
0.569993
0.217827
0.046890
0.655967
1.051062
0.163494
0.070524
1.267007
0.661776
0.118828
0.963204
0.708995
0.177060
0.622211
1.793331
0.066242
0.811429
1.731950
0.074090
0.312850
0.018944
0.203261
0.005117
0.136536
0.642871
1.426540
1.974222
0.151902
0.741805
1.028659
0.146829
0.772716
0.917023
0.020386
0.136201
1.278830
0.125250
0.241772
0.175025
0.224961
0.179420
0.160849
1.027702
0.030113
0.090391
0.448069
0.423988
0.573537
1.254591
0.609457
0.331720
0.283420
0.804820
0.065643
0.867454
0.854702
0.001730
1.131688
0.837262
0.153774
0.503865
0.418540
0.202199
0.288979
0.606806
0.797286
0.689199
0.226028
1.297313
0.317227
0.022951
2.999329
0.358775
0.475661
0.082855
0.169685
0.383709
0.817916
0.660442
0.041490
0.139324
0.987603
0.191579
1.783130
0.227489
0.717247
0.107254
0.449166
1.099669
0.480059
0.296728
0.455115
0.397793
0.362818
0.130979
0.804964
0.738868
0.007147
2.815264
0.221293
0.107300
0.509791
0.473115
0.101266
0.628699
0.867807
1.703985
0.606763
1.083483
0.964495
0.791997
1.409239
0.875675
0.581476
0.326571
0.396892
0.550019
0.418815
0.090028
0.172652
0.128232
0.649340
0.529069
0.285500
0.386791
0.196068
0.182339
0.069445
0.231895
0.533428
0.810716
0.513838
0.103432
0.193599
0.006075
2.909231
0.243461
0.062641
0.623372
0.230043
1.658791
0.372623
0.056211
0.317327
0.512127
1.030213
1.307367
0.295413
0.853409
0.153681
0.551664
0.398796
0.075422
0.305868
0.563962
0.343888
0.790867
0.069677
0.391282
0.354012
1.756805
0.074794
1.601162
0.184476
0.475433
0.316031
0.022918
0.328516
0.061152
0.239479
0.425246
0.940817
0.268714
0.304603
0.262487
0.398533
0.518038
2.813479
0.262843
0.240731
1.128375
0.538249
0.090882
0.264059
1.188004
0.060493
2.499430
0.144764
0.052154
1.339983
0.914653
0.948753
0.113239
0.063184
0.168096
0.468526
0.345143
0.220276
0.143336
0.264063
0.361265
0.138623
0.576170
0.433207
0.142867
0.408126
0.277267
0.701318
1.919523
0.435924
0.180757
0.027497
0.339574
0.169289
2.359335
0.403405
0.451769
0.361367
0.145300
0.064755
0.471269
1.531602
1.074510
0.752366
1.394904
0.319137
0.442890
0.316445
0.064979
0.012146
0.674390
0.003058
0.121014
0.088267
0.615557
1.224885
0.495102
0.232910
0.134815
0.954476
0.121269
0.101337
0.111193
0.135540
0.822948
0.547874
0.366531
0.599736
0.341126
0.556107
1.834576
0.377457
0.446441
0.828794
1.187060
0.185677
0.445338
2.762687
1.621364
0.327538
0.099657
0.062582
1.452642
0.295436
0.429469
0.091729
0.503649
1.139351
3.000892
1.183693
0.260614
0.043409
0.230477
1.116222
0.120130
0.275488
0.951703
0.192723
0.141476
1.524614
1.915744
0.146031
0.801293
0.246221
0.348532
0.042880
0.875241
0.422166
1.055793
0.352073
0.588386
0.006939
0.384552
0.184302
0.698150
0.318648
1.319923
0.492353
0.021746
0.299383
1.015393
0.574711
0.602580
0.277139
0.100043
1.673166
0.012583
0.274036
1.217207
0.646299
0.219767
0.524696
0.766611
0.218300
0.309856
0.259719
0.254816
0.020524
0.755783
1.537894
0.384669
0.426282
0.105003
0.275072
0.230423
0.171870
1.001259
0.384340
0.855318
0.305417
0.084311
0.077930
0.220157
1.115706
1.464503
0.416943
0.692819
0.168028
0.307706
0.639035
1.257181
0.286636
0.009905
0.281584
0.036297
0.638028
0.234076
1.772531
0.060889
0.041733
0.356650
0.020115
0.077063
0.047107
0.227740
0.174995
0.096245
0.010275
0.244668
3.020211
0.231425
0.061736
0.238522
0.102095
0.209339
0.921181
0.119962
0.072140
1.111094
0.093353
0.110486
0.097586
0.031215
0.606453
0.346034
0.647753
0.065842
0.174873
0.547961
0.913243
0.129588
0.313431
0.361729
0.055531
0.105905
0.960269
0.383456
0.458214
0.420569
0.881177
0.464499
0.052423
2.958209
3.430028
0.305248
0.246793
0.160820
0.763530
0.577000
0.776957
0.235113
0.232338
0.728887
0.238701
0.073544
0.132219
0.208219
0.456069
0.112518
1.372550
0.512171
0.188321
0.001608
0.126998
0.459718
0.042784
0.543080
0.185237
0.120009
0.827764
1.413564
0.824551
0.866910
0.304229
0.203988
1.036657
0.068782
0.043266
0.157626
0.916336
0.000935
0.162900
0.426512
0.304106
0.108693
1.085899
0.046837
1.683577
0.001073
0.787165
0.293383
0.193549
0.511061
1.016124
0.030119
0.824210
0.411187
0.853842
0.494324
0.159881
0.095205
0.512034
0.234217
0.280664
0.591767
0.048025
1.040223
0.140620
0.136312
0.174249
0.590972
0.479240
0.937092
0.481608
0.153974
0.120377
1.455538
0.201856
0.107348
0.272387
0.448706
0.865796
0.239036
0.486657
0.401154
0.182292
0.750160
1.167857
0.093153
0.454101
0.888582
0.087065
0.046874
0.287332
0.024976
0.334288
0.189470
0.358013
0.257593
0.734217
3.116693
1.350349
0.012642
1.346738
0.293061
0.325813
0.018288
0.104077
0.524606
0.628393
0.163532
0.488477
0.148813
0.406789
0.112306
0.189871
1.373850
0.166251
0.791787
0.763609
1.261160
0.326473
0.198737
0.283504
0.160881
0.550011
0.423127
0.568722
1.956246
0.381131
0.346146
0.367735
0.031928
0.484193
0.373211
0.450330
0.139784
0.192309
0.428516
0.425215
0.223510
0.391665
0.312544
1.136730
0.096985
0.320758
0.235323
0.629596
0.075624
0.368367
0.135477
1.723327
0.353796
1.679111
0.595938
0.510649
0.114125
0.428009
0.155598
0.646537
0.120724
0.666371
1.073212
0.049759
0.888152
0.648464
0.286593
1.381936
0.103127
0.573732
0.450100
0.057797
0.877291
0.314917
0.999955
0.364763
0.226858
0.203246
0.484190
0.930719
0.739787
0.520086
0.062906
1.093985
0.202017
0.440548
1.016634
1.862453
0.507487
2.071111
0.136895
0.192930
0.880143
0.406305
0.027455
0.695654
0.479459
0.027536
0.225059
0.443652
0.498391
0.761439
0.682338
0.621031
0.003261
0.517826
0.227661
1.246057
0.269695
0.179453
0.452300
0.434304
0.191445
0.642702
0.709485
0.071970
0.192483
0.826493
0.150567
0.311383
1.049029
0.779720
0.156641
0.406413
0.164550
0.078042
1.195888
0.241429
0.636264
0.214165
0.653962
0.352609
0.745398
0.038953
0.029759
0.915556
1.446692
0.099232
0.064671
0.256803
0.443146
0.712596
0.080215
0.978267
0.283607
0.429101
0.707886
0.401484
0.182433
0.560490
1.059447
1.089799
0.531552
0.789353
0.029214
0.269785
0.210349
1.321783
1.200807
0.361301
0.145199
0.319922
1.166993
0.379438
0.270150
0.430961
0.404257
0.144105
0.579074
0.057289
0.230006
0.751967
1.646164
0.165757
0.849322
1.089002
0.027943
0.568226
0.354531
0.035508
0.438866
0.674948
0.285751
0.425380
0.708841
0.015032
0.152028
0.151072
0.155407
0.866441
0.352160
1.075231
0.146085
0.626856
0.218687
0.277616
0.422819
0.120925
0.856145
0.320172
0.331884
0.050062
0.305056
1.008570
0.956751
0.514807
0.077158
0.213314
0.372990
0.197473
1.088157
0.092317
1.638187
0.211681
0.206204
0.448923
0.581268
0.691550
0.461721
2.681481
0.741731
1.289204
0.440118
1.135454
0.367818
0.234186
0.333893
0.199639
0.242005
0.482085
0.077458
0.188367
1.432262
0.053274
0.198305
1.373289
0.226109
2.319224
0.361082
1.091897
0.194553
0.083454
0.853644
0.777771
0.090104
0.324107
0.486384
0.976873
1.950451
0.596511
0.153805
1.246926
1.946802
0.093286
0.717622
0.161577
0.810481
0.268124
0.420654
0.251070
0.228985
0.788347
1.346128
1.733639
1.612582
0.907994
0.959318
0.174262
0.278312
1.254622
0.337560
0.803414
0.022608
0.606808
0.150883
0.251284
0.214667
0.725562
0.046682
0.642734
0.337461
0.249110
0.160589
0.001070
0.037798
0.003675
0.603002
0.861449
0.028364
0.423755
0.002694
0.001658
0.342021
0.385324
0.061430
1.543304
1.016207
0.301133
0.223252
0.635341
0.883744
0.938717
0.860234
0.057300
1.104059
0.203675
0.014127
0.821114
0.912690
1.049149
0.394977
0.009609
0.153801
0.634081
0.292323
1.127933
1.133168
0.641825
1.086051
0.205381
0.312886
1.400836
0.135380
1.811734
0.656150
0.142387
0.260949
0.220091
0.816503
1.863839
0.129004
0.210008
0.287942
0.949667
0.202718
0.189016
0.497158
0.467836
0.039434
2.113533
0.346231
0.418610
0.486247
1.176174
0.543114
0.104336
0.389214
0.627013
0.045006
0.394410
0.031902
0.147714
0.054313
0.655599
0.086440
0.176159
0.463247
0.129581
0.339714
0.410220
1.263184
0.194511
0.704855
0.287212
0.636905
0.339144
1.391146
0.060054
0.832805
0.072314
0.377074
0.074859
1.160086
0.514188
0.409932
0.563088
2.074184
0.282159
0.069070
1.135386
1.582394
0.310672
0.181349
0.081098
0.077352
0.266492
0.097847
0.395056
1.404385
0.873725
0.313896
0.229157
0.849483
0.257215
0.736538
0.023523
0.365673
0.268718
1.283725
0.522049
0.312159
0.181460
0.151410
0.409937
0.136771
1.593062
0.012755
1.006980
1.098464
0.211896
0.751790
0.521933
0.167014
0.272821
0.274649
0.496732
1.909614
1.002853
0.495065
0.434630
1.799517
0.236622
0.447579
0.511940
0.667030
0.794358
0.291327
2.129826
0.710015
0.061309
0.242287
0.536385
0.479254
0.489794
0.138548
0.240284
0.223689
0.894321
0.578164
0.048084
0.834139
0.099670
0.033332
0.463568
1.314647
0.073596
0.506492
0.056724
0.431178
0.292599
0.663835
0.286649
1.359005
0.191488
0.861346
0.254870
0.408392
1.081068
0.330053
0.990706
0.062348
0.693464
1.041621
0.676472
0.275640
0.405901
0.567935
0.648435
0.466472
0.075095
0.120653
0.340440
1.215975
2.123058
0.026628
1.113683
0.040992
0.682411
1.644932
0.324333
0.088290
0.510785
1.452265
2.292773
0.237682
0.082669
0.720753
1.861253
0.058926
0.738723
0.071442
0.204807
2.022366
0.044468
0.076887
1.979701
0.894872
0.391354
0.009592
0.034186
0.979801
0.159508
0.143672
0.253970
0.493668
0.466712
0.332812
0.000188
1.123230
0.024597
0.530704
0.057954
0.389867
0.660724
1.113645
0.395114
0.752689
0.832755
0.508947
0.403585
0.776138
0.212711
0.076183
0.024031
0.070117
0.148661
0.283914
0.463689
0.092403
1.886967
0.698056
0.238242
0.289794
0.499128
0.081044
0.135196
0.439784
0.820436
0.655058
0.069212
0.023016
0.597773
0.004047
0.358580
0.213891
0.478988
1.006045
1.614098
0.378667
0.984563
0.018602
0.486909
0.874112
0.420988
0.814106
0.002683
0.145062
0.072333
0.174381
0.211325
0.435991
0.903202
0.233566
0.966489
0.916391
0.538937
0.228197
0.296705
0.242322
0.054481
0.243064
0.420516
0.137126
1.031797
0.000184
0.412157
1.870888
0.646210
0.248058
0.132848
0.126429
0.582518
0.058127
0.903834
1.506369
0.620509
0.450177
0.523895
1.293881
0.282721
0.197299
0.027703
0.734486
0.744638
0.266180
0.063487
0.523701
0.217704
0.699776
0.028355
0.275686
0.241237
0.892056
1.279885
0.148834
0.127209
0.074723
0.758754
1.048451
0.187699
0.289517
0.573762
0.048479
0.129972
1.580422
0.688426
2.079704
0.595964
0.709070
0.089868
0.113552
0.787409
0.014928
0.759172
0.551560
0.124277
1.255266
0.240553
0.006020
0.168035
0.756841
0.564915
1.065371
0.284178
0.181840
0.081059
0.080970
0.107515
0.821037
0.674482
0.172776
1.042553
0.360213
0.122562
0.783431
0.250435
0.086006
0.226616
0.806761
0.271240
0.019915
0.729669
0.057424
0.228848
0.973032
0.500987
0.342008
0.329410
0.100069
0.183329
0.182196
1.944630
0.123005
0.172198
0.132243
0.078760
0.054638
1.414932
0.527191
0.012966
0.400882
1.767208
0.787908
0.365249
0.064476
1.300566
1.499984
0.405426
0.857612
0.857434
0.184541
0.500595
0.097004
0.426323
1.089185
1.857378
0.066991
1.131663
0.319266
0.014377
0.556275
0.641486
0.263606
0.435620
0.298029
0.230342
0.100618
0.484637
1.235846
0.225256
0.190041
0.107303
0.708316
0.406581
0.201649
0.019850
0.207896
0.441516
1.267663
0.332710
0.644081
3.070416
1.117475
1.650291
0.240776
0.091890
0.054570
0.420526
0.105974
0.331215
0.209378
0.080462
0.154462
0.109630
1.197466
0.400614
0.564899
0.860345
0.012444
0.817136
0.695202
0.818041
0.503825
0.484513
0.898425
0.229085
0.885989
0.770748
0.355928
1.883325
0.159675
0.655132
0.217642
0.500213
0.143246
0.600991
0.169294
0.085005
0.080667
0.396518
0.150041
0.021702
0.005767
0.348250
0.385060
1.058148
0.283211
1.067415
0.400469
0.714217
0.706513
0.205758
0.260704
0.026850
0.043234
1.242060
0.007916
0.291698
0.713826
0.264210
0.073976
0.197232
0.456607
0.119652
0.456003
0.152530
1.134205
0.860432
0.324041
0.048850
0.604443
0.241635
1.009329
0.086447
0.349936
0.292343
0.471157
0.065374
0.746089
0.476896
1.113618
1.446977
0.628984
0.260728
0.130814
0.117076
0.160662
0.381746
0.219089
1.236501
0.061919
0.111157
0.707648
0.954617
0.658651
0.376761
0.818361
0.408905
0.070174
0.599492
0.141076
0.635489
0.138019
0.470545
0.146647
0.322878
1.462766
0.323260
0.033062
0.020994
1.211506
1.928804
0.593964
0.621708
0.873133
0.229568
0.232834
0.200853
0.133562
0.676666
0.575311
0.582589
0.270246
1.305398
0.435033
0.620918
0.307499
0.111552
1.129089
0.491776
0.681242
0.826974
1.003547
0.218498
1.673657
1.775436
0.396349
0.011929
0.358083
0.833491
0.180086
0.029397
0.413177
0.769680
0.555162
1.830045
0.032173
0.318546
0.499468
0.379382
0.076471
0.052437
0.045144
0.512762
1.176203
1.350059
1.733389
0.281288
0.080317
0.079439
0.396486
0.149274
1.013783
0.144292
0.098190
0.799611
0.777907
0.406974
3.519237
0.328742
0.843997
0.301277
1.805345
0.772306
0.148823
0.104454
0.162489
0.887611
0.028583
0.394150
1.104287
0.251493
0.481468
0.654886
0.263430
1.215332
1.005080
0.706487
0.177062
0.047879
0.007335
0.111245
0.124407
0.961259
0.101854
1.052731
0.222659
0.443400
0.884011
0.134997
0.470991
0.824044
1.397202
0.015040
1.534574
0.113923
0.853494
0.520133
0.292598
0.644094
0.081760
0.152500
0.193678
0.179107
0.069249
0.126950
0.040787
0.046290
0.773250
0.490160
0.284749
0.954765
0.255208
1.053324
0.042392
0.754986
0.012034
0.547277
0.192099
0.272360
0.027680
0.132624
0.109196
0.455176
0.756095
0.468471
0.203497
0.437179
0.017647
1.762064
0.657125
0.004337
1.009782
0.573499
0.860054
0.056114
0.590971
0.027360
0.126117
0.353775
0.687711
0.840708
1.575404
0.366947
0.150416
0.202283
0.091791
0.362893
0.118986
1.230543
0.608377
1.814624
0.884031
1.344018
0.067860
0.060096
0.235376
0.333306
0.173532
1.629928
1.902362
0.022606
0.089743
0.321396
0.242359
0.189864
1.425407
0.481545
0.211987
0.113905
0.777305
0.509406
0.774477
0.179068
1.550096
0.559424
0.191419
0.277074
0.398963
0.503093
0.055572
0.977963
0.224840
0.396427
0.646762
0.066338
0.291865
0.877946
0.302112
1.529718
0.037501
2.621843
0.371846
0.406548
0.962192
0.712336
0.068366
0.663538
0.177384
1.671621
0.107611
0.056243
0.558720
0.230191
0.271018
0.770741
0.041312
0.179228
0.203178
0.236480
0.316251
0.110156
1.730403
0.030715
0.488250
0.473933
0.418578
0.724093
0.060542
0.184743
0.080393
0.815716
1.147949
0.878047
0.131778
0.075614
0.435622
0.649110
0.254404
0.093788
0.547402
0.880705
1.276842
0.142015
0.503195
0.638759
0.686088
0.370712
0.919377
0.745778
0.582271
0.549064
1.648578
0.202088
1.547121
0.438780
0.417718
0.057043
0.162123
0.487244
0.192915
0.062451
1.735950
1.008491
0.172076
0.289696
0.534980
1.261913
0.393594
0.175702
0.294166
0.295395
1.097336
0.055361
0.836953
0.079021
0.785351
2.044540
0.276718
1.480142
1.708090
0.346046
0.010221
1.506624
0.627512
1.001526
0.896157
0.332178
0.299740
1.589172
0.355568
1.152389
0.135102
0.403779
0.602652
1.186117
0.050863
0.095828
0.448473
0.100365
0.430551
0.635325
0.872028
0.248351
0.426215
0.217048
0.883187
1.633264
0.187840
1.164935
0.161358
0.311284
0.105415
0.287733
0.183804
0.180803
0.225258
0.127795
0.034048
0.679573
0.568338
0.511702
0.105520
0.299294
0.025747
0.844424
0.196295
0.679746
0.584371
0.239308
1.250040
0.156840
0.260093
1.434597
1.234197
1.634001
0.489454
0.782949
0.475032
0.628744
0.098635
0.326438
0.276870
0.301354
0.226312
0.328467
0.427938
0.202456
0.228055
0.661407
0.150389
0.556562
0.717703
0.329337
0.034265
0.556882
0.595708
0.322388
0.015887
0.483133
0.797156
0.295142
0.431968
0.290796
0.159887
0.142518
0.232895
0.116970
0.159991
0.297751
1.054719
1.815266
0.063164
0.585854
1.058747
0.512401
0.319765
0.209764
1.602804
0.954190
0.438964
0.362746
0.134959
1.770937
0.074491
0.491385
1.139699
0.707452
0.168717
0.095684
0.677409
0.837287
1.095351
0.394437
0.170804
1.924012
0.085568
0.083975
0.997927
0.692501
0.318716
0.390634
0.182951
0.037468
0.556661
0.513703
0.599243
0.369186
0.055832
0.072806
1.584358
0.462588
0.315875
0.281181
0.099863
0.256859
0.339715
0.658639
0.709766
2.251365
0.544098
0.668077
1.148163
0.520447
0.050373
0.902477
0.327821
0.002487
0.656895
0.227196
0.233265
1.590768
0.011344
0.317313
0.049721
0.339609
0.738000
1.084217
1.058640
0.334965
1.379087
0.589153
0.104224
0.205119
0.010893
0.058747
0.452528
0.682743
0.068989
1.501225
0.331923
0.129468
0.121060
0.171997
0.919841
0.793456
0.370454
0.982894
0.331542
0.540184
0.612936
0.180664
0.286687
0.633158
0.019769
2.462489
0.178478
0.080946
0.138410
0.303966
0.221162
0.513573
0.133450
0.127368
0.271931
0.429612
0.342963
0.749939
0.377174
0.576884
0.046749
1.290214
0.337459
0.005100
1.156289
0.138946
0.320828
0.205861
0.621229
0.205335
0.166557
0.104119
1.209392
0.260026
0.044789
0.302720
0.404095
0.074950
0.100487
0.420853
0.089834
0.019380
0.127654
0.698495
1.788389
0.065230
0.144622
0.437208
0.255432
0.231741
0.869676
0.101505
0.297781
0.850769
1.417649
1.504440
0.059160
0.792090
0.479727
0.084682
0.374170
0.803335
0.228140
0.016605
0.455277
1.250072
0.207159
0.475492
0.030765
0.485182
0.742611
0.306750
2.276650
0.158388
0.193647
0.861136
0.193843
0.034695
0.046959
0.290758
0.673720
0.051281
0.570668
0.199995
0.188876
0.007383
1.274103
0.397111
0.144171
0.368502
1.880390
0.569738
0.093466
0.175512
0.233054
1.450718
0.565891
0.526192
0.390303
0.995179
2.758665
0.528439
0.224415
0.090578
1.644526
0.035855
0.034993
0.002438
1.121029
0.466657
0.419856
0.247416
0.819087
0.728383
0.140299
0.204620
2.014900
0.434333
0.850861
0.082552
0.604393
0.239737
0.303527
1.093224
0.530515
0.597671
0.599553
2.516339
1.355420
0.453200
0.019055
0.338429
0.018130
2.372411
0.932648
0.755595
0.491165
0.065476
0.425307
0.301774
0.223487
0.114637
0.281290
0.297563
0.989861
1.591811
0.006640
0.697908
0.692325
0.064132
1.478134
0.086065
0.117856
1.074166
3.102426
0.778108
0.453539
0.543933
0.175340
0.171528
0.036573
0.156934
0.188283
0.017778
0.525590
0.509119
0.539166
0.362998
0.099474
0.041290
0.003996
0.137123
0.156322
0.088748
0.608658
0.126452
1.608435
0.106743
0.112647
0.268857
1.589515
0.392180
0.297623
0.225672
0.068875
0.720550
0.147714
0.473834
0.158966
0.822159
0.111390
0.113365
0.061096
0.421961
0.183660
0.175424
0.367953
1.201308
0.348288
1.309441
1.094396
1.698901
0.112403
1.066351
0.227549
0.800859
0.528936
0.337092
0.252331
0.612097
0.136260
0.422892
0.523610
0.141880
0.151503
0.609114
0.019423
0.112481
0.812521
0.129562
0.419269
0.154223
0.690248
0.182614
0.778905
0.607880
0.137324
0.634963
0.525839
0.074736
0.704538
0.055717
0.305671
0.323167
0.384374
0.101446
1.016745
0.144462
0.218204
0.224509
0.855022
0.051462
0.230944
1.098651
1.264213
0.080962
1.215792
0.498002
0.272879
0.310077
0.338035
0.186430
0.291112
0.361516
0.487012
0.484322
0.675735
1.680941
0.130144
0.022579
0.247759
0.511952
0.291204
0.255542
0.125958
0.768594
0.516474
0.456922
3.666229
1.145830
0.112165
0.060866
0.602549
0.252275
0.375706
0.237322
0.934935
0.106529
0.534356
0.634507
0.315358
0.407206
0.392591
0.768114
0.648189
0.060171
0.006928
0.538082
1.056816
0.726651
0.214852
0.297932
0.030370
0.256114
0.034359
0.529026
1.005452
0.041189
0.422031
0.958926
0.366406
0.958426
0.558782
0.647238
0.931599
0.505828
0.114684
0.241004
1.085953
0.037722
0.051179
0.355754
0.137568
0.467362
1.403419
0.202187
0.257148
0.064947
1.305432
0.001661
0.358150
0.281035
0.298996
0.652449
0.713820
1.076243
0.022046
0.743165
0.235116
0.469272
0.457834
0.023476
0.515366
1.566737
0.073127
0.793284
0.882827
0.374704
0.489416
0.400749
0.780052
0.745253
0.284631
0.010278
0.478559
0.293004
1.905199
0.413288
1.037723
1.026893
1.199569
1.327602
0.250772
0.352483
1.457120
0.016869
2.384809
0.305260
0.191417
0.749604
0.995374
0.745337
0.843239
0.222764
0.248594
0.491816
0.896797
0.803865
0.995966
0.158731
0.014418
0.679280
0.138158
0.320054
0.230502
0.281534
0.119569
1.047676
0.339340
0.282575
0.156357
0.513473
0.608472
0.048436
0.393426
0.182390
0.164727
0.597893
0.414257
0.091030
0.133074
0.691346
1.790476
0.195990
0.240597
0.191452
0.058802
0.467896
0.760594
0.083159
0.113009
0.369642
0.202028
0.886678
0.857643
0.635497
0.022318
0.745836
0.754474
0.069401
0.762375
1.763400
0.401088
1.780192
0.030542
0.818189
0.115737
0.698536
0.592970
0.897829
0.113554
0.245856
0.640044
0.000811
0.208185
0.295030
0.061999
0.061572
0.138688
0.054105
1.046150
0.250006
0.650763
1.249399
0.006983
0.165253
0.226546
1.169627
0.489296
0.061582
0.028901
0.286417
1.705751
0.077966
0.630086
0.173925
0.211611
0.259446
0.003891
1.359363
0.338035
0.326348
0.080147
0.564300
0.890540
0.219879
0.095379
0.646598
0.546211
0.267674
0.225947
0.687989
1.023660
1.359168
0.182064
0.219264
0.066876
0.221670
0.901519
0.263353
0.116916
0.019166
0.329288
0.684865
0.708594
1.451620
0.039557
0.030823
0.620473
0.767381
0.162974
0.316902
0.199091
0.150737
0.528215
0.233423
0.089318
0.061119
0.148615
1.200891
0.116646
0.205233
0.169050
0.136959
0.167335
0.046338
0.844967
0.044396
0.135321
0.563311
0.060007
0.494031
0.429126
0.009146
0.073198
0.043434
0.066401
1.412382
0.237216
2.422339
0.014787
0.230298
2.607947
0.313917
0.902276
0.292200
0.115923
0.283406
0.195342
0.019629
0.982801
0.751643
0.291488
0.665958
0.193472
0.421803
0.581534
0.794624
0.973094
0.861333
0.174036
0.090797
0.119784
0.163124
0.083392
1.307945
0.697069
0.679876
1.496180
0.116416
1.037018
0.304747
0.127006
0.079754
0.186185
0.104137
0.239173
0.824084
0.481168
0.011881
0.210651
0.136462
0.434223
0.193382
0.330842
0.306903
0.233477
0.316354
1.084095
0.871274
0.286001
0.585902
0.161588
1.779603
0.972195
0.669137
0.450983
0.202479
1.039489
0.302630
0.082624
0.404232
1.445775
0.771284
0.054599
0.056431
0.950865
0.763647
0.382685
0.185851
0.944340
0.040356
0.925377
0.305690
0.889334
0.067901
0.020033
1.138115
0.012614
0.024074
0.192350
0.283188
0.393465
0.190929
0.597802
0.056844
0.214663
0.362544
0.181419
1.672129
0.051823
0.072788
0.849481
0.134072
0.027464
0.452665
0.324352
0.201085
0.440353
1.285875
0.280186
0.179038
0.173464
0.203791
0.017067
0.740425
0.225582
0.268253
0.216260
0.270443
1.045390
0.418031
2.332066
0.472941
1.191593
0.603732
0.354077
0.366494
0.035241
0.025602
0.061435
0.284022
0.161469
2.095526
0.120122
0.856790
0.289661
0.458736
0.379597
0.817771
0.415821
1.312201
0.298252
0.209151
0.359201
0.235220
0.055932
0.037945
0.353684
0.616691
0.069786
0.796968
0.216340
0.539957
0.461766
0.312714
0.308839
0.108620
0.183349
0.243492
0.870582
0.367090
0.078907
0.564230
0.515296
0.540948
0.894287
0.096293
0.187517
0.308053
0.088052
0.929660
0.006994
1.330830
0.617016
0.255298
2.105210
0.080315
0.301320
0.487956
0.969597
0.008492
0.282616
1.324369
0.480032
1.102908
0.035351
0.197940
0.215771
1.145091
0.168940
0.310207
0.969855
0.013971
0.872822
1.119819
0.658965
0.245305
0.634048
1.282303
0.480484
0.007886
0.482526
0.485205
0.503916
0.165794
1.075615
0.357001
0.125530
0.538923
1.064275
0.631144
0.524818
1.136067
0.273316
0.322941
0.282897
0.229568
0.220435
0.478409
1.125460
0.770148
0.126817
0.742334
0.116704
0.132908
0.012175
0.186278
0.722216
2.149104
0.321349
2.023085
0.174681
0.579577
0.021942
1.054081
0.161315
0.242159
0.309629
0.054712
0.222531
0.280935
0.079395
0.017985
0.584304
0.063160
0.134696
0.361291
0.130891
0.072471
0.679417
0.258072
0.167942
0.640768
0.170408
0.841941
0.903956
0.436371
0.685094
1.294857
0.060429
1.147106
1.168462
0.060940
0.529964
0.123638
0.881766
0.863012
0.081086
0.376862
0.287497
0.506784
0.425691
0.141773
0.007069
0.291718
0.113617
0.514213
0.444247
0.039092
0.503191
0.712138
0.731964
0.874220
0.806163
0.119155
0.218144
2.131167
0.547534
0.077223
0.812269
1.714104
0.306582
0.005305
0.099994
0.308983
1.644715
0.947700
0.091212
0.896481
0.671843
0.085769
0.063487
0.654087
1.101920
2.117637
0.062869
0.040654
0.276981
0.095859
0.807418
0.222195
0.560132
0.702500
0.032636
0.186886
0.233023
0.585289
0.143167
0.334851
0.702390
0.204720
0.637566
0.142120
0.145802
0.294661
1.097257
0.045608
0.931622
0.896403
0.576624
0.113024
1.380673
1.459546
1.888206
1.465580
0.381049
0.718948
2.752018
0.208119
1.143974
0.382977
0.020345
0.265076
0.045318
0.263832
0.343687
1.280218
1.090814
0.197977
0.641071
0.542179
0.315463
0.202556
0.010435
0.027662
1.709194
0.263491
0.055046
0.194108
0.009013
0.499889
0.322675
0.016639
0.473299
0.647138
0.255691
0.019706
0.405212
0.422235
0.242102
0.409446
1.591555
0.265087
0.475842
0.796848
3.474444
0.549316
0.148325
0.964519
0.179760
0.555200
0.329981
0.576336
0.178144
0.999160
0.437312
0.843676
0.738886
0.585154
0.488100
1.131943
0.036240
1.892368
0.191773
0.106097
0.278086
0.729923
1.746344
0.139053
0.402430
0.173395
0.212265
0.407567
0.920040
0.084130
0.014978
0.488006
0.133413
0.371920
0.454699
0.629655
0.075100
1.057883
0.260639
0.591767
0.315557
0.405961
0.371384
1.112760
0.662145
0.058998
0.137031
0.606071
1.211572
0.232275
1.458835
0.984740
0.919905
1.313450
0.171938
0.713763
0.670429
1.920040
0.277506
0.220903
1.592083
0.118607
0.312002
0.124569
0.387910
0.611420
0.156965
0.506750
0.241717
0.407066
1.347894
1.183141
0.211005
0.774318
0.095029
0.243848
0.335583
0.288207
0.022498
0.534015
0.142962
0.098892
0.890758
0.099003
0.011746
0.372601
0.221840
0.231881
0.196946
0.130740
0.557047
0.419891
0.002430
0.245854
0.762255
0.318622
0.781493
0.026927
0.259516
0.513536
0.063732
0.712022
0.200598
1.372460
0.223483
1.555132
0.459860
0.142056
0.819727
0.533858
0.407990
0.036252
0.142527
0.058193
0.809071
0.089941
0.091235
0.480209
0.470091
0.360735
0.640122
0.072066
0.072648
0.129680
0.164335
0.369799
0.000137
0.646235
0.067878
0.115708
0.172166
0.239606
0.285877
0.759474
0.983623
2.987945
0.187259
0.102273
1.683226
0.665478
0.085625
1.006944
0.099626
1.303918
1.102045
1.737067
0.378336
0.020908
0.550073
0.211532
0.350723
0.125386
1.039940
0.785430
0.110162
0.084264
0.493276
0.576611
0.099227
0.172282
0.278185
1.072790
0.411834
0.265302
0.155364
0.110662
0.411685
0.477624
0.551383
0.939422
0.053730
0.004263
0.170303
1.510677
0.087993
0.618840
0.396428
0.174519
0.109061
1.688806
0.615624
1.152597
0.172379
0.283289
0.052055
1.262364
1.045295
0.284765
0.436230
0.721147
0.745856
0.425077
0.004563
0.692994
0.055898
0.302772
0.210163
1.106206
0.013588
0.189087
0.584681
0.095896
0.040557
0.024572
1.285401
0.155300
1.084166
0.546995
0.610071
0.370725
0.035054
0.109115
0.216064
0.761709
0.248531
0.189107
0.012132
0.294629
0.907563
0.046333
0.117263
0.158996
1.528855
0.266144
0.910567
0.282048
0.509514
1.789136
0.734348
0.108852
0.210028
0.203401
0.187903
0.437301
0.120622
0.776528
0.325930
0.247728
0.331567
0.043857
2.520971
0.416398
0.278383
0.105606
1.276050
0.268432
0.115389
0.776087
0.670191
2.398374
0.658924
0.901717
0.332474
0.584738
0.467292
0.269983
1.182185
0.500176
1.537027
0.545352
0.458575
0.178724
0.287252
0.298766
1.358115
0.204328
0.373993
0.125487
0.958669
0.892310
0.460622
0.902486
0.409704
0.073252
1.783652
0.100431
0.133893
0.016852
0.002994
1.354512
0.642466
0.088086
0.756072
1.483811
0.287854
0.472352
0.223690
0.246232
0.550215
0.460599
1.799415
0.902906
0.008827
0.306109
0.477418
0.368844
0.486722
0.505465
1.418877
0.131097
0.563274
0.126781
0.177908
0.167267
0.115835
0.888674
0.204947
0.235286
0.415788
0.014959
0.079607
0.026866
0.057428
0.659077
2.011825
0.145333
0.050814
0.854019
0.224188
0.256667
0.138791
0.685998
0.865149
0.205415
0.049542
0.502093
2.040485
0.005902
1.067717
0.095512
0.077128
0.521818
0.161487
1.754254
0.045603
0.955047
1.407213
0.338973
0.033857
1.111186
0.265341
0.311811
0.019632
0.776016
0.495377
0.106407
0.136768
0.897371
1.015129
1.210123
0.140675
0.106905
0.377825
0.630282
0.216060
0.478186
0.053062
0.299826
0.442124
0.850149
0.542963
0.077797
0.088857
1.011906
0.857249
0.053218
0.126042
0.263146
0.332304
0.035011
0.490529
0.241576
0.059368
0.876654
0.273967
2.140678
0.253299
0.066872
0.062438
0.253552
0.224288
0.189896
0.243588
0.422872
0.971513
0.887333
1.267281
0.105684
0.914410
0.725867
0.295526
1.103319
1.136438
0.063313
0.307646
0.064603
0.519681
0.164162
0.228981
0.072884
2.221299
0.828171
1.036674
2.108221
0.553081
1.020025
0.043693
0.294002
0.245210
0.020606
0.324158
0.308516
0.235202
0.580641
1.972222
0.186573
0.025347
1.253281
0.161588
0.166264
0.761493
0.470449
2.486878
0.375067
0.820783
1.799532
0.334748
0.348290
0.003453
0.882213
1.231776
0.057885
0.126512
0.520432
1.114173
1.474350
0.215852
0.785466
0.238166
0.049565
0.875225
0.465798
0.123796
0.428917
0.220896
0.940783
0.038450
3.235372
0.484348
0.345725
0.600204
0.057922
0.177111
0.249163
0.761834
1.727826
0.702898
0.570248
0.348768
0.211032
0.155504
0.411190
0.325472
0.408542
0.017850
2.163964
1.466776
1.031758
0.345350
0.043517
0.247264
1.104971
0.072519
0.704483
0.054442
0.145953
0.338392
0.718819
0.005316
0.455267
0.437114
0.149195
0.863218
0.446610
0.433613
0.205503
0.187702
0.545359
0.253964
0.503160
0.155143
0.174817
0.092057
0.143383
0.657837
0.262634
0.311845
1.469442
0.497167
1.150128
0.405379
0.203240
0.618663
0.504131
0.035919
0.488236
0.251532
0.013678
0.362681
0.079447
0.743613
0.178364
0.048301
0.530866
0.557996
0.029599
0.260442
